0.000000000000000000e+00
1.389001676326170366e-10
1.389071867233343996e-10
1.389226615204674971e-10
1.389397122237959400e-10
1.389617616982733089e-10
1.389854520345619466e-10
1.390221776728387769e-10
1.390510962592527116e-10
1.390906290657638339e-10
1.391330961670495826e-10
1.391790398710769927e-10
1.392294141889871998e-10
1.392841906218054034e-10
1.393432008054549911e-10
1.394063836482965488e-10
1.394735910044022255e-10
1.395447379036629514e-10
1.396196900993753014e-10
1.396983461846497781e-10
1.397805807579990063e-10
1.398662820553060098e-10
1.399553393914015271e-10
1.400476860809405461e-10
1.401432626364712816e-10
1.402420117827646611e-10
1.403438719996694793e-10
1.404487892944428578e-10
1.405566978016979213e-10
1.406675503004671132e-10
1.407812749846951909e-10
1.408978340302006513e-10
1.410171485674880634e-10
1.411391918815222638e-10
1.412638775910873885e-10
1.413911909753406458e-10
1.415210386252887383e-10
1.416534178800266728e-10
1.417882296619543752e-10
1.419254825836003344e-10
1.420650741307556642e-10
1.422070223944842880e-10
1.423512243214265796e-10
1.424977041797074357e-10
1.426463615791363721e-10
1.427972237403603496e-10
1.429501975582980440e-10
1.431053090329681724e-10
1.432624766211469173e-10
1.434217205922577434e-10
1.435829748003219364e-10
1.437462495464594693e-10
1.439114964493377773e-10
1.440787128614563805e-10
1.442478672184635010e-10
1.444189440018852885e-10
1.445919202688550104e-10
1.447667745948401513e-10
1.449434652390631805e-10
1.451219901269143057e-10
1.453021504635978644e-10
1.454840931275179585e-10
1.456678007551752860e-10
1.458532583391051471e-10
1.460404511114261940e-10
1.462293656368943403e-10
1.464199886183503266e-10
1.466123078068616886e-10
1.468063111911156131e-10
1.470019879366238968e-10
1.471993273873723762e-10
1.473983200578038101e-10
1.475989567661899278e-10
1.478012295659213818e-10
1.480051308159300849e-10
1.482106540246617444e-10
1.484177929274707379e-10
1.486265422504974205e-10
1.488368968196135043e-10
1.490488523979579382e-10
1.492624047867039786e-10
1.494775506609675135e-10
1.496942870467360424e-10
1.499126129847238145e-10
1.501325278263091723e-10
1.503540317698416515e-10
1.505771250304112950e-10
1.508018085636198236e-10
1.510280832225595412e-10
1.512559505606022258e-10
1.514854120260111075e-10
1.517164697582831539e-10
1.519491257930324594e-10
1.521833828471053632e-10
1.524192435069733215e-10
1.526567109608677790e-10
1.528957882435845359e-10
1.531364789128851802e-10
1.533787863042735302e-10
1.536227142288651701e-10
1.538682662272341156e-10
1.541154462780801062e-10
1.543642574592934236e-10
1.546147008163309969e-10
1.548667764513882508e-10
1.551204848336583396e-10
1.553758260545401198e-10
1.556328005243448763e-10
1.558914082219901533e-10
1.561516493947177545e-10
1.564135238569225157e-10
1.566770316313484660e-10
1.569421722873991635e-10
1.572089455716173438e-10
1.574773507290992390e-10
1.577473871520477861e-10
1.580190537059136376e-10
1.582923493739335188e-10
1.585672725746345944e-10
1.588438218064513046e-10
1.591219949916014384e-10
1.594017900963726671e-10
1.596832043471538473e-10
1.599662344947027342e-10
1.602508765235954573e-10
1.605371264068384226e-10
1.608249794333294257e-10
1.611144308513372185e-10
1.614054752084201690e-10
1.616981069818064668e-10
1.619923199235763140e-10
1.622881076828048077e-10
1.625854631810835127e-10
1.628843791904997582e-10
1.631848477508462260e-10
1.634868607255768991e-10
1.637904092090829352e-10
1.640954841054384490e-10
1.644020755401249628e-10
1.647101734293387997e-10
1.650197668877816186e-10
1.653308448003413500e-10
1.656433936265271947e-10
1.659573931753799988e-10
1.662728207460864465e-10
1.665896532942554570e-10
1.669078668436777390e-10
1.672274370733215618e-10
1.675483387055836563e-10
1.678705460902534468e-10
1.681940326121856349e-10
1.685187712728350543e-10
1.688447340987837323e-10
1.691718927086350608e-10
1.695002177409295324e-10
1.698296794082495101e-10
1.701602469393707670e-10
1.704918891227656446e-10
1.708245737489787582e-10
1.711582681713388465e-10
1.714929387312469938e-10
1.718285513218862330e-10
1.721650730079981169e-10
1.725024791875681816e-10
1.728407465259937071e-10
1.731798513497823576e-10
1.735197690755004981e-10
1.738604747788735589e-10
1.742019426421531307e-10
1.745441464750881876e-10
1.748870592130500005e-10
1.752306534235301294e-10
1.755749007967961803e-10
1.759197726730336144e-10
1.762652395151824324e-10
1.766112714329309409e-10
1.769578376647988164e-10
1.773049071055489376e-10
1.776524477970056057e-10
1.780004274354934804e-10
1.783488128718152227e-10
1.786975706359613934e-10
1.790466666776438249e-10
1.793960676701740616e-10
1.797457397356283161e-10
1.800956487148311311e-10
1.804457596519772146e-10
1.807960373198412150e-10
1.811464457083138786e-10
1.814969485480358382e-10
1.818475088172240012e-10
1.821980892409771288e-10
1.825486518135400769e-10
1.828991582928669681e-10
1.832495697312442218e-10
1.835998469688777303e-10
1.839499501473570617e-10
1.842998392218466255e-10
1.846494734782614350e-10
1.849988120300939100e-10
1.853478133548786122e-10
1.856964357761180355e-10
1.860446383787536595e-10
1.863923856704681589e-10
1.867396430201817597e-10
1.870863757739700789e-10
1.874325487960930357e-10
1.877781269644836122e-10
1.881230746937479233e-10
1.884673564440314011e-10
1.888109362400740405e-10
1.891537781876831038e-10
1.894958459890881285e-10
1.898371034484450367e-10
1.901775140073739878e-10
1.905170412296029747e-10
1.908556483563372802e-10
1.911932987775471311e-10
1.915299555964097746e-10
1.918655820912401424e-10
1.922001412864672671e-10
1.925335964230421513e-10
1.928659116306602319e-10
1.931970558159340342e-10
1.935269988757377060e-10
1.938557110494916660e-10
1.941831624769058881e-10
1.945093236789819896e-10
1.948341651069853508e-10
1.951576576250062060e-10
1.954797720652672426e-10
1.958004797022140531e-10
1.961197518099358182e-10
1.964375601347173060e-10
1.967538764564192439e-10
1.970686730571578450e-10
1.973819222791277864e-10
1.976935969988899947e-10
1.980036701819345761e-10
1.983121153654905010e-10
1.986189062009339937e-10
1.989240169353591522e-10
1.992274232940489933e-10
1.995291069365697902e-10
1.998290510872604957e-10
2.001272396992258018e-10
2.004236570040786230e-10
2.007182879885018016e-10
2.010111179494156032e-10
2.013021329588239338e-10
2.015913194220033446e-10
2.018786645487885922e-10
2.021641559107212055e-10
2.024477818992322974e-10
2.027295313041448776e-10
2.030093937542322108e-10
2.032873592945667036e-10
2.035634188291457754e-10
2.038375637070667621e-10
2.041097861529604804e-10
2.043800788576035167e-10
2.046484354121881773e-10
2.049148482782941640e-10
2.051793043460793352e-10
2.054417893430074069e-10
2.057022898395098892e-10
2.059607927988221700e-10
2.062172860980862856e-10
2.064717580082857963e-10
2.067241977148754873e-10
2.069745948244345405e-10
2.072229398443281504e-10
2.074692237778520902e-10
2.077134384783162651e-10
2.079555763223636104e-10
2.081956305743772471e-10
2.084335949994595008e-10
2.086694642737055239e-10
2.089032335554220504e-10
2.091348989318136119e-10
2.093644569782692372e-10
2.095919051839326868e-10
2.098172406324743053e-10
2.100404577503164097e-10
2.102615504602671607e-10
2.104805136118959613e-10
2.106973424505078266e-10
2.109120331499853993e-10
2.111245822829705896e-10
2.113349873139328255e-10
2.115432461571567428e-10
2.117493575824290389e-10
2.119533207694711739e-10
2.121551357850766381e-10
2.123548031151595767e-10
2.125523240889785287e-10
2.127477004492599167e-10
2.129409348100257911e-10
2.131320301342540118e-10
2.133209902606991882e-10
2.135078194021034389e-10
2.136925225854717517e-10
2.138751048575771026e-10
2.140555707342588879e-10
2.142339246667520960e-10
2.144101719328292460e-10
2.145843180834560569e-10
2.147563694875588463e-10
2.149263327669976947e-10
2.150942153522165169e-10
2.152600248825627870e-10
2.154237698045104504e-10
2.155854587511871975e-10
2.157451011265814206e-10
2.159027065166587396e-10
2.160582851926439154e-10
2.162118476985879762e-10
2.163634051798318933e-10
2.165129689989581518e-10
2.166605511416501493e-10
2.168061638237028743e-10
2.169498198305408690e-10
2.170915308491392993e-10
2.172313039339038090e-10
2.173691448859259117e-10
2.175050601172340579e-10
2.176390559556712443e-10
2.177711393233165766e-10
2.179013171055269941e-10
2.180295966611418841e-10
2.181559853102273695e-10
2.182804908005353735e-10
2.184031208445459331e-10
2.185238835457984650e-10
2.186427869429828478e-10
2.187598394513457440e-10
2.188750493945401585e-10
2.189884254414608129e-10
2.190999761378376910e-10
2.192097103385046266e-10
2.193176368061615693e-10
2.194237645332478286e-10
2.195281017990224016e-10
2.196306548369095212e-10
2.197314291396245892e-10
2.198304303973970385e-10
2.199276640175574827e-10
2.200231356122688145e-10
2.201168504919580331e-10
2.202088141301530260e-10
2.202990316467122862e-10
2.203875083612359098e-10
2.204742492047681270e-10
2.205592591797714509e-10
2.206425429848203580e-10
2.207241053597990865e-10
2.208039506574302472e-10
2.208820832891219688e-10
2.209585072642560844e-10
2.210332265947800054e-10
2.211062448831735049e-10
2.211775656850587717e-10
2.212471926016759196e-10
2.213151310882674658e-10
2.213813866328833840e-10
2.214459646468639938e-10
2.215088700348132142e-10
2.215701076817502740e-10
2.216296818906173568e-10
2.216875969271505796e-10
2.217438564788765745e-10
2.217984641605314757e-10
2.218514230155882856e-10
2.219027359327733063e-10
2.219524053106305721e-10
2.220004332567322215e-10
2.220468214023259854e-10
2.220915711399644021e-10
2.221346832861753937e-10
2.221761583445516870e-10
2.222159963244231039e-10
2.222541969052360380e-10
2.222907601992555455e-10
2.223256902393154515e-10
2.223589914268206086e-10
2.223906680089875936e-10
2.224207235808248260e-10
2.224491614935516510e-10
2.224759844979224025e-10
2.225011951200008030e-10
2.225247951771069235e-10
2.225467862784620192e-10
2.225671693676926141e-10
2.225859450924781808e-10
2.226031134378732719e-10
2.226186741037725993e-10
2.226326261225348282e-10
2.226449682563392311e-10
2.226556985909605203e-10
2.226648148777268120e-10
2.226723142585530298e-10
2.226781934845430780e-10
2.226824483828391350e-10
2.226850730684436136e-10
2.226860606327594182e-10
2.226854038965838815e-10
2.226830948944661618e-10
2.226791254000805914e-10
2.226734863996027349e-10
2.226661686255813716e-10
2.226571620305096133e-10
2.226464562680932926e-10
2.226340402859971188e-10
2.226199026560359463e-10
2.226040312576137368e-10
2.225864136335858348e-10
2.225670365857817108e-10
2.225458866108853029e-10
2.225229494529074550e-10
2.224982105525498457e-10
2.224716546677973003e-10
2.224432661815158881e-10
2.224130307892931704e-10
2.223809417726335627e-10
2.223469937913542853e-10
2.223111812760000389e-10
2.222734980203281849e-10
2.222339376142568354e-10
2.221924930703757464e-10
2.221491571734314447e-10
2.221039221197047862e-10
2.220567799043959213e-10
2.220077219731537056e-10
2.219567395651572335e-10
2.219038233843273130e-10
2.218489639472068887e-10
2.217921512382025014e-10
2.217333750686870452e-10
2.216726247702066460e-10
2.216098894624874128e-10
2.215451577759973542e-10
2.214784182183418692e-10
2.214096593151942560e-10
2.213388715703181905e-10
2.212660455743817452e-10
2.211911717810468869e-10
2.211142402781908093e-10
2.210352410499697798e-10
2.209541636680853232e-10
2.208709976899023992e-10
2.207857322887447758e-10
2.206983565742342924e-10
2.206088593165275068e-10
2.205172292897164694e-10
2.204234549128021457e-10
2.203275246030021770e-10
2.202294264529733736e-10
2.201291485632760240e-10
2.200266787533225314e-10
2.199220048678635992e-10
2.198151145061265429e-10
2.197059952973246475e-10
2.195946360363532457e-10
2.194810311419456229e-10
2.193651762451959482e-10
2.192470671761493383e-10
2.191266996170666148e-10
2.190040694305104502e-10
2.188791723769272945e-10
2.187520044243367662e-10
2.186225614469800094e-10
2.184908395616885029e-10
2.183568348246744917e-10
2.182205435476342334e-10
2.180819619815103353e-10
2.179410867134864395e-10
2.177979142589475316e-10
2.176524414803972120e-10
2.175046652314585221e-10
2.173545827005818603e-10
2.172021911167286407e-10
2.170474880609275262e-10
2.168904711749161622e-10
2.167311384561530739e-10
2.165694880204785072e-10
2.164055183604163607e-10
2.162392281017173802e-10
2.160706162655997882e-10
2.158996820124031689e-10
2.157264249498072350e-10
2.155508448422960885e-10
2.153729419091764287e-10
2.151927165427808474e-10
2.150101696229962513e-10
2.148253022214977572e-10
2.146381159209655222e-10
2.144486125129275312e-10
2.142567943284995447e-10
2.140626639135217002e-10
2.138662244026035885e-10
2.136674791643717439e-10
