0.000000000000000000e+00
2.890485698022633315e-09
2.766406917844838875e-11
6.127689480523188968e-12
2.211372998252209989e-12
1.003898729653332268e-12
5.239547577483830759e-13
3.008457662093631217e-13
1.852745548630109805e-13
1.204183080506874131e-13
8.169288619741077666e-14
5.728868677520290631e-14
4.143716635809314359e-14
3.078643430006622844e-14
2.338542546369982260e-14
1.809006717191780984e-14
1.420775185188970628e-14
1.130327911436623891e-14
9.093312412139729000e-15
7.387477999342639303e-15
6.054367054603912490e-15
5.001161246079593984e-15
4.162233583757080161e-15
3.491857120494076238e-15
2.953306738910838736e-15
2.517355973612815197e-15
2.161416772653583443e-15
1.868231902407128629e-15
1.624649869557126690e-15
1.420618500629214264e-15
1.248410163952110184e-15
1.102037979432913164e-15
9.768243792875554246e-16
8.690813791329280339e-16
7.758752476883811332e-16
6.948512802915921849e-16
6.241036048627001066e-16
5.620770019848975950e-16
5.074928393661043808e-16
4.592923501551240593e-16
4.165930804294629455e-16
3.786550119853213443e-16
3.448630038617277490e-16
3.147205899412165569e-16
2.877929930352629719e-16
2.636942439874655982e-16
2.420845968648244752e-16
2.226665847392509033e-16
2.051806090468610810e-16
1.894004746861967716e-16
1.751292420123669984e-16
1.621953568732615977e-16
1.504493136839210757e-16
1.397605871092604992e-16
1.300151215145556288e-16
1.211129821666664944e-16
1.129665289086643812e-16
1.054986416539152715e-16
9.864141210491156696e-17
9.233481325290247779e-17
8.652575534404525132e-17
8.116711893845572384e-17
7.621739924564815649e-17
7.164084632904047260e-17
6.740524844632327353e-17
6.348125009857678086e-17
5.984215144783039908e-17
5.646370093999293226e-17
5.332388886420529675e-17
5.040274896979393648e-17
4.768217043314752052e-17
4.514572313469930112e-17
4.277849615918759750e-17
4.056695029656060897e-17
3.849878348547861917e-17
3.656280934006903798e-17
3.474884702409964953e-17
3.304762241590075790e-17
3.145067895690512462e-17
2.995029781914450186e-17
2.853942604292345383e-17
2.721161229743419688e-17
2.596099079765323558e-17
2.478232461835257265e-17
2.367079151890501687e-17
2.262191218808605191e-17
2.163152859533253075e-17
2.069578287656444845e-17
1.981109654283364054e-17
1.897415079261184491e-17
1.818186752738398435e-17
1.743139166718129623e-17
1.672007433795869348e-17
1.604545734555984551e-17
1.540525856119824382e-17
1.479735848569508963e-17
1.421978770779423426e-17
1.367071539091355160e-17
1.314843858413879844e-17
1.265137241600637320e-17
1.217804103022020225e-17
1.172706926787622268e-17
1.129718226085944850e-17
1.088721595831677776e-17
1.049608257102880712e-17
1.012275855769138634e-17
9.766281051816011377e-18
9.425744474909899583e-18
9.100297153034170693e-18
8.789138173014108138e-18
8.491514281575378977e-18
8.206717012166061520e-18
7.934079890915065024e-18
7.672975857701852631e-18
7.422814772092686381e-18
7.183041116384243367e-18
6.953131792372860707e-18
6.732594097038563943e-18
6.520963778641235078e-18
6.317803260562255061e-18
6.122699936113409121e-18
5.935264612717627576e-18
5.755131836357605362e-18
5.581963076747483594e-18
5.415438653746559301e-18
5.255254919038046356e-18
5.101123474459150469e-18
4.952770445049510212e-18
4.809935744955915514e-18
4.672372393098493013e-18
4.539845834804220475e-18
4.412133307731564451e-18
4.289023221378732634e-18
4.170314576686009763e-18
4.055816400757966318e-18
3.945347222016246919e-18
3.838734559366671461e-18
3.735814446645742846e-18
3.636430974078604241e-18
3.540435861696709846e-18
3.447688047723488459e-18
3.358053305269906491e-18
3.271404390975859445e-18
3.187622039643901590e-18
3.106592744615090413e-18
3.028207972140078419e-18
2.952363942321253966e-18
2.878961426622743743e-18
2.807905543539746613e-18
2.739105568831376833e-18
2.672474745188324259e-18
2.607930106765336437e-18
2.545392300752640417e-18
2.484785427818031760e-18
2.426036877006577048e-18
2.369077179417003601e-18
2.313839857233967210e-18
2.260261289889483398e-18
2.208280576332094712e-18
2.157839412963074821e-18
2.108881968640648099e-18
2.061354773218616792e-18
2.015206819459747021e-18
1.970390030226308947e-18
1.926858384135067283e-18
1.884567616670669020e-18
1.843475151049578637e-18
1.803540040010452915e-18
1.764722899012913764e-18
1.726985851175464562e-18
1.690292464108286331e-18
1.654607698307929852e-18
1.619897847603704533e-18
1.586130490948195819e-18
1.553274436497516205e-18
1.521299677130794339e-18
1.490177338711251703e-18
1.459879637761407253e-18
1.430379834300219309e-18
1.401652192791026796e-18
1.373671938077087559e-18
1.346415219566181426e-18
1.319859124543711687e-18
1.293981789849057738e-18
1.268762174011491378e-18
1.244179974723797114e-18
1.220215598838459938e-18
1.196850139746265540e-18
1.174065349412733715e-18
1.151843617291283196e-18
1.130167943552237082e-18
1.109021919690840688e-18
1.088389703886059112e-18
1.068256002430753387e-18
1.048606046745486083e-18
1.029425576475882373e-18
1.010700818081194786e-18
9.924184688894908681e-19
9.745656773498223491e-19
9.571300284079825269e-19
9.400995249837588929e-19
9.234625744831600114e-19
9.072079938774022808e-19
8.913250565000815163e-19
8.758034002790552975e-19
8.606329939742430645e-19
8.458041246678123938e-19
8.313073883932053565e-19
8.171336781702901689e-19
8.032741755199146354e-19
7.897203389721976378e-19
7.764638962582993470e-19
7.634968335798670930e-19
7.508113883314490617e-19
7.384000389498278487e-19
7.262554981808137585e-19
7.143707037545184229e-19
7.027388118770612803e-19
6.913531886808054328e-19
6.802074040982719535e-19
6.692952239198170327e-19
6.586106041648815821e-19
6.481476839227818301e-19
6.379007810779311066e-19
6.278643841737121033e-19
6.180331473205309167e-19
6.084018835649117009e-19
5.989655606239260347e-19
5.897192946889465633e-19
5.806583464717734892e-19
5.717781153406566776e-19
5.630741358267803600e-19
5.545420720167770266e-19
5.461777143512395393e-19
5.379769744242114653e-19
5.299358820574633734e-19
5.220505803504432308e-19
5.143173230229265112e-19
5.067324698043355738e-19
4.992924840253575280e-19
4.919939281714111027e-19
4.848334618073375321e-19
4.778078348827823644e-19
4.709138788059962744e-19
4.641485112197276361e-19
4.575087365007383573e-19
4.509916421708101246e-19
4.445943969399099278e-19
4.383142473814281153e-19
4.321485160220995273e-19
4.260945983855931791e-19
4.201499611564412970e-19
4.143121394162563251e-19
4.085787349777045055e-19
4.029474137722581347e-19
3.974159044035321785e-19
3.919819956044922073e-19
3.866435349401471192e-19
3.813984264363033139e-19
3.762446293781290051e-19
3.711801561148653025e-19
3.662030709533107997e-19
3.613114853373217197e-19
3.565035492890900793e-19
3.517774585904073989e-19
3.471314566786105176e-19
3.425638325808047237e-19
3.380729200506898795e-19
3.336570955904451422e-19
3.293147777420713410e-19
3.250444252102835490e-19
3.208445361750637270e-19
3.167136465826073906e-19
3.126503295444447344e-19
3.086531936412616115e-19
3.047208824827450001e-19
3.008520730646728942e-19
2.970454753729953479e-19
2.932998308530760814e-19
2.896139120442791964e-19
2.859865211279405352e-19
2.824164896542311408e-19
2.789026769550070557e-19
2.754439695530881384e-19
2.720392803155873367e-19
2.686875482956185064e-19
2.653877376177635924e-19
2.621388371293736240e-19
2.589398593971631618e-19
2.557898403172750618e-19
2.526878382364579862e-19
2.496329335788262359e-19
2.466242279987617570e-19
2.436608440205804001e-19
2.407419243099009108e-19
2.378666312765248685e-19
2.350341464048022069e-19
2.322436698734095990e-19
2.294944199794824296e-19
2.267856326944058421e-19
2.241165611801342371e-19
2.214864753836701595e-19
2.188946626104047356e-19
2.163404302378485870e-19
2.138231016287236514e-19
2.113420146989012837e-19
2.088965215125571685e-19
2.064859880020002246e-19
2.041097935873799944e-19
2.017673309193863039e-19
1.994580054957270122e-19
1.971812354157212273e-19
1.949364510575023492e-19
1.927230947909483413e-19
1.905406207094179373e-19
1.883884943420878226e-19
1.862661923686123907e-19
1.841732024189495182e-19
1.821090227281796314e-19
1.800731619966335037e-19
1.780651390266587622e-19
1.760844826441546370e-19
1.741307323355919962e-19
1.722034412176963288e-19
1.703021721050713455e-19
1.684264964577393403e-19
1.665759939850149081e-19
1.647502526947209050e-19
1.629488685166869109e-19
1.611714453467977751e-19
1.594175946623725748e-19
1.576869355873396733e-19
1.559790945369491807e-19
1.542937052342409066e-19
1.526304084104166537e-19
1.509888518121350623e-19
1.493686899065607119e-19
1.477695838786528447e-19
1.461912013677005332e-19
1.446332164502165941e-19
1.430953093933799162e-19
1.415771666444795595e-19
1.400784817444207141e-19
1.385989586868777356e-19
1.371383077392795699e-19
1.356962443643634453e-19
1.342724888938678125e-19
1.328667666825280413e-19
1.314788077963626856e-19
1.301083471416541909e-19
1.287551242033460989e-19
1.274188830968360941e-19
1.260993724061740071e-19
1.247963451467730424e-19
1.235095586654742605e-19
1.222387745748922761e-19
1.209837586780667401e-19
1.197442808836061305e-19
1.185201151450834079e-19
1.173110393721160463e-19
1.161168353804843997e-19
1.149372887971178260e-19
1.137721899254139996e-19
1.126213362932898487e-19
1.114845295555897641e-19
1.103615745100634962e-19
1.092522790176172238e-19
1.081564540154163052e-19
1.070739134120211257e-19
1.060044741000526141e-19
1.049479558535824997e-19
1.039041813487374638e-19
1.028729760507155315e-19
1.018541682466609249e-19
1.008475889198790992e-19
9.985307178352764907e-20
9.887045316424640902e-20
9.789957203478161168e-20
9.694026989685106913e-20
9.599239080676812918e-20
9.505578126998752571e-20
9.413029027830206739e-20
9.321576913305147715e-20
9.231207139708839935e-20
9.141905287808512513e-20
9.053657173646718430e-20
8.966448832199967010e-20
8.880266527548424864e-20
8.795096733458217129e-20
8.710926145196520181e-20
8.627741660376351480e-20
8.545530389642401682e-20
8.464279638673728474e-20
8.383976918898461989e-20
8.304609929784449242e-20
8.226166568113487925e-20
8.148634913088017466e-20
8.072003233052231748e-20
7.996259973161884409e-20
7.921393759697244040e-20
7.847393391238296607e-20
7.774247839218404568e-20
7.701946223235476286e-20
7.630477755808011320e-20
7.559831799053157938e-20
7.489997883393329655e-20
7.420965701174939690e-20
7.352725105813964560e-20
7.285266106420582117e-20
7.218578866674551244e-20
7.152653699703762091e-20
7.087481067017633203e-20
7.023051574527679236e-20
6.959355968931662950e-20
6.896385137133068161e-20
6.834130101078232863e-20
6.772582017239120272e-20
6.711732172241806932e-20
6.651571981545919496e-20
6.592092986071739167e-20
6.533286850491598508e-20
6.475145360005359523e-20
6.417660362583073429e-20
6.360823604117548087e-20
6.304626909412467397e-20
6.249062237321426155e-20
6.194121676409526101e-20
6.139797444667016609e-20
6.086081881533294164e-20
6.032967451164082417e-20
5.980446732456097295e-20
5.928512424244909238e-20
5.877157333990534499e-20
5.826374383980378825e-20
5.776156599227739708e-20
5.726497115300677908e-20
5.677389165607096567e-20
5.628826089133326339e-20
5.580801318163328378e-20
5.533308385689986930e-20
5.486340914608207249e-20
5.439892623358606537e-20
5.393957243952443645e-20
5.348528318140115629e-20
5.303599423221696312e-20
5.259164251311151253e-20
5.215216599207521890e-20
5.171750372409919520e-20
5.128759575287841271e-20
5.086238314904711598e-20
5.044180791767815295e-20
5.002581303932657639e-20
4.961434237937379820e-20
4.920734072551317368e-20
4.880475370186881909e-20
4.840652781124743312e-20
4.801261035021831002e-20
4.762294944742488294e-20
4.723749398775445229e-20
4.685619364577471893e-20
4.647899881844761182e-20
4.610586064756398856e-20
4.573673016882813585e-20
4.537155602030410253e-20
4.501028697008586801e-20
4.465287274840199511e-20
4.429926397860538330e-20
4.394941219447601596e-20
4.360326976659742518e-20
4.326078992393074848e-20
4.292192667827776412e-20
4.258663485805980661e-20
4.225487002594818040e-20
4.192658851304905535e-20
4.160174734502112873e-20
4.128030427529556352e-20
4.096221771199967025e-20
4.064744674909600430e-20
4.033595110045005615e-20
4.002769113087450274e-20
3.972262779148350312e-20
3.942072264869927380e-20
3.912193782478046742e-20
3.882623602439650322e-20
3.853358048091875543e-20
3.824393498109923301e-20
3.795726381164832233e-20
3.767353178542536408e-20
3.739270418957059729e-20
3.711474681612502008e-20
3.683962590442867168e-20
3.656730817703610838e-20
3.629776078188237633e-20
3.603095132694524869e-20
3.576684782912186665e-20
3.550541874252720449e-20
3.524663291114903005e-20
3.499045959916972773e-20
3.473686844287930047e-20
3.448582948087594939e-20
3.423731310502070903e-20
