0.000000000000000000e+00
1.103301977488875532e-10
1.103404994778336771e-10
1.103536707500327058e-10
1.103739365363651701e-10
1.103984161803782014e-10
1.104279919753916266e-10
1.104649997457002681e-10
1.105027682811926448e-10
1.105467614537814160e-10
1.105955255082628009e-10
1.106492154234738929e-10
1.107079487799382238e-10
1.107717113090436027e-10
1.108403777537614377e-10
1.109139083840741517e-10
1.109921944382168651e-10
1.110751776237491574e-10
1.111627606387162059e-10
1.112548725168648382e-10
1.113514233810527136e-10
1.114523344033792174e-10
1.115575242398187810e-10
1.116669325284589782e-10
1.117805012082584218e-10
1.118981740882377101e-10
1.120198916921737633e-10
1.121456006400101658e-10
1.122752381546360548e-10
1.124087564208370242e-10
1.125460880465754953e-10
1.126871928557125229e-10
1.128319979029607309e-10
1.129804720033383797e-10
1.131325362630842686e-10
1.132881691845871245e-10
1.134472862733796158e-10
1.136098757678684875e-10
1.137758486284653735e-10
1.139452021982477157e-10
1.141178446534190451e-10
1.142937810037283667e-10
1.144729181098120885e-10
1.146552618144455653e-10
1.148407168585895012e-10
1.150292906337848997e-10
1.152208936370133883e-10
1.154155322774603073e-10
1.156131262577961599e-10
1.158136773579731586e-10
1.160171175936962704e-10
1.162234406745438262e-10
1.164325928669430060e-10
1.166445573706030072e-10
1.168592939620348046e-10
1.170767753603497864e-10
1.172969682282897055e-10
1.175198404063471346e-10
1.177453431790193463e-10
1.179734599709716098e-10
1.182040141556631064e-10
1.184371100363658381e-10
1.186727177324439017e-10
1.189108063950648141e-10
1.191513445877030338e-10
1.193943018770367870e-10
1.196396478530109263e-10
1.198873528761720730e-10
1.201373874062514649e-10
1.203897227793526079e-10
1.206443303789146251e-10
1.209011824546280947e-10
1.211602514076130679e-10
1.214215105545568867e-10
1.216849333653527885e-10
1.219504941524136796e-10
1.222181673149001119e-10
1.224879279647595738e-10
1.227597511911263518e-10
1.230336127497080703e-10
1.233094883229309754e-10
1.235873542024495799e-10
1.238671867442903413e-10
1.241489633914821287e-10
1.244326616100471832e-10
1.247182594471756421e-10
1.250057348428778084e-10
1.252950662288336015e-10
1.255862318250486368e-10
1.258792103062214149e-10
1.261739801302514385e-10
1.264705201965019181e-10
1.267688091845120670e-10
1.270688262049922237e-10
1.273705501203537350e-10
1.276739601530414109e-10
1.279790352565319197e-10
1.282857546688978141e-10
1.285940972980678373e-10
1.289040422950252447e-10
1.292155684291507834e-10
1.295286546779889498e-10
1.298432792225807322e-10
1.301594188566144190e-10
1.304770495367931142e-10
1.307961473627736630e-10
1.311166879460252853e-10
1.314386469929401054e-10
1.317619996700034131e-10
1.320867211891525735e-10
1.324127862116711540e-10
1.327401693883094559e-10
1.330688447940594387e-10
1.333987864582650482e-10
1.337299677862946260e-10
1.340623621034214422e-10
1.343959420822530235e-10
1.347306802816692557e-10
1.350665485656501972e-10
1.354035186461049804e-10
1.357415615184948032e-10
1.360806479896967379e-10
1.364207490409106649e-10
1.367618391953223744e-10
1.371038931621345493e-10
1.374468854401888217e-10
1.377907897412359328e-10
1.381355795319675175e-10
1.384812274681561675e-10
1.388277059303332793e-10
1.391749864573633264e-10
1.395230402764792491e-10
1.398718377631685411e-10
1.402213489330312814e-10
1.405715429374376722e-10
1.409223885362335049e-10
1.412738535856890730e-10
1.416259055302352460e-10
1.419785108929572037e-10
1.423316357615543596e-10
1.426852452727883095e-10
1.430393041036139005e-10
1.433937766008048445e-10
1.437486292570632532e-10
1.441038282443278126e-10
1.444593392591151776e-10
1.448151270119621256e-10
1.451711557323264440e-10
1.455273886380243929e-10
1.458837884341917891e-10
1.462403168029845250e-10
1.465969349044211263e-10
1.469536028586435053e-10
1.473102802376470382e-10
1.476669255663830195e-10
1.480234968013148283e-10
1.483799508447272258e-10
1.487362440132560587e-10
1.490923315551048377e-10
1.494481681301959155e-10
1.498037073133979931e-10
1.501589020812741668e-10
1.505137073380534199e-10
1.508680895195861543e-10
1.512220171224807530e-10
1.515754581946332556e-10
1.519283798373370079e-10
1.522807487004682608e-10
1.526325304976623787e-10
1.529836904645449636e-10
1.533341929194944262e-10
1.536840017027397248e-10
1.540330797343294956e-10
1.543813894753333757e-10
1.547288924631010970e-10
1.550755497746254905e-10
1.554213215693711095e-10
1.557661675541863367e-10
1.561100465348811228e-10
1.564529168656469310e-10
1.567947360063682851e-10
1.571354609850298888e-10
1.574750504918897310e-10
1.578134730201932662e-10
1.581506988693627592e-10
1.584866980746183932e-10
1.588214399572639251e-10
1.591548935893865961e-10
1.594870273451133802e-10
1.598178093648219788e-10
1.601472071211956414e-10
1.604751878661281968e-10
1.608017182063383681e-10
1.611267645472308046e-10
1.614502926766235655e-10
1.617722682087755703e-10
1.620926561509305680e-10
1.624114213625607564e-10
1.627285281307993237e-10
1.630439406101443039e-10
1.633576224187992718e-10
1.636695370637206690e-10
1.639796502307358574e-10
1.642879383531734940e-10
1.645943802154128166e-10
1.648989547012686250e-10
1.652016403950954255e-10
1.655024160218605443e-10
1.658012600290577328e-10
1.660981510387888246e-10
1.663930674278666680e-10
1.666859877862389319e-10
1.669768904920401957e-10
1.672657541595629068e-10
1.675525572352536835e-10
1.678372784265669392e-10
1.681198963146531476e-10
1.684003897677810762e-10
1.686787375666150431e-10
1.689549188122082598e-10
1.692289125462042240e-10
1.695006981758287020e-10
1.697702569397272119e-10
1.700375779853643309e-10
1.703026524371998265e-10
1.705654719507199223e-10
1.708260283273798894e-10
1.710843139401756497e-10
1.713403213426171992e-10
1.715940436885751658e-10
1.718454743492021452e-10
1.720946073307289107e-10
1.723414368867656355e-10
1.725859579341289468e-10
1.728281656739400078e-10
1.730680559995826022e-10
1.733056251142017655e-10
1.735408699454114052e-10
1.737737877605340824e-10
1.740043765855124419e-10
1.742326348109163911e-10
1.744585616102697909e-10
1.746821578613564156e-10
1.749034304773359341e-10
1.751223881561299470e-10
1.753390405133928788e-10
1.755533976821434815e-10
1.757654707337243897e-10
1.759752712890878754e-10
1.761828119254315036e-10
1.763881057898721651e-10
1.765911670127580874e-10
1.767920103209756248e-10
1.769906514354033905e-10
1.771871067071158967e-10
1.773813934987953202e-10
1.775735298178087875e-10
1.777635347005332377e-10
1.779514278514052881e-10
1.781372300164633324e-10
1.783209626326955975e-10
1.785026481954914532e-10
1.786823078909358855e-10
1.788599558926959504e-10
1.790356050015524361e-10
1.792092689977872972e-10
1.793809622482740004e-10
1.795507001553954746e-10
1.797184987092161266e-10
1.798843749358675777e-10
1.800483464651420144e-10
1.802104319535352563e-10
1.803706507236235390e-10
1.805290230752593032e-10
1.806855699996061718e-10
1.808403134915902188e-10
1.809932762164019942e-10
1.811444818622433796e-10
1.812939547668809001e-10
1.814417203039446016e-10
1.815878044986518111e-10
1.817322343987458386e-10
1.818750360163625633e-10
1.820162296462989823e-10
1.821558344229024277e-10
1.822938704592247453e-10
1.824303583851631558e-10
1.825653198133955330e-10
1.826987768728015274e-10
1.828307526350405389e-10
1.829612707347723667e-10
1.830903557140342627e-10
1.832180326401413659e-10
1.833443275132004882e-10
1.834692668621571599e-10
1.835928781127331660e-10
1.837151892076289979e-10
1.838362290095724664e-10
1.839560268424376461e-10
1.840746129475981965e-10
1.841920180508026684e-10
1.843082737390937738e-10
1.844234095353780901e-10
1.845374456729869685e-10
1.846504001496660034e-10
1.847622917288412467e-10
1.848731394598071229e-10
1.849829631464760848e-10
1.850917828637028713e-10
1.851996194320682649e-10
1.853064939016595826e-10
1.854124280655129261e-10
1.855174439328211153e-10
1.856215642193572858e-10
1.857248118503095885e-10
1.858272103890921615e-10
1.859287836841996259e-10
1.860295561485312700e-10
1.861295524338342151e-10
1.862287977756114684e-10
1.863273176577329097e-10
1.864251381041771368e-10
1.865222827326248519e-10
1.866187651608757745e-10
1.867145964062124863e-10
1.868097879980238456e-10
1.869043513743793667e-10
1.869982984736095883e-10
1.870916411862440908e-10
1.871843917986466829e-10
1.872765625495066963e-10
1.873681660329714283e-10
1.874592148034758295e-10
1.875497217392602590e-10
1.876396996549250048e-10
1.877291616784003997e-10
1.878181208510821040e-10
1.879065905042240301e-10
1.879945838556917747e-10
1.880821143852105187e-10
1.881691954864690690e-10
1.882558407493094748e-10
1.883420619615207539e-10
1.884278643969337292e-10
1.885132514630321578e-10
1.885982266869432520e-10
1.886827933022919057e-10
1.887669546705195296e-10
1.888507138465286422e-10
1.889340739787168755e-10
1.890170378664982640e-10
1.890996084366255333e-10
1.891817882356613891e-10
1.892635798330676366e-10
1.893449854905930836e-10
1.894260074657159077e-10
1.895066476469020361e-10
1.895869079271648213e-10
1.896667898200660100e-10
1.897462948007371577e-10
1.898254239580042990e-10
1.899041783014385541e-10
1.899825566243143879e-10
1.900605503598479764e-10
1.901381486254476683e-10
1.902153403486786664e-10
1.902921138986134176e-10
1.903684574988137865e-10
1.904443587485430710e-10
1.905198050924263074e-10
1.905947833519001192e-10
1.906692801607844178e-10
1.907432815392507826e-10
1.908167732495865099e-10
1.908897405080188972e-10
1.909621681577113574e-10
1.910340405048035812e-10
1.911053415300243190e-10
1.911760545897517456e-10
1.912461626482581177e-10
1.913156481188732080e-10
1.913844930055444283e-10
1.914526795757302666e-10
1.915201934175776558e-10
1.915870203242817542e-10
1.916531458338405585e-10
1.917185547923089950e-10
1.917832317080003974e-10
1.918471604444778029e-10
1.919103245426376607e-10
1.919727068011960086e-10
1.920342897093004693e-10
1.920950550525227211e-10
1.921549842246256370e-10
1.922140579192168994e-10
1.922722564468351949e-10
1.923295594071938806e-10
1.923859460312035209e-10
1.924413948295702599e-10
1.924958838834852095e-10
1.925493906103457810e-10
1.926018919500275046e-10
1.926533638410361571e-10
1.927037803577484823e-10
1.927531144802351184e-10
1.928013388097339575e-10
1.928484251183122121e-10
1.928943448012069273e-10
1.929390684220569778e-10
1.929825661725489551e-10
1.930248074127310066e-10
1.930657610905370256e-10
1.931053953879212151e-10
1.931436779978479168e-10
1.931805758597684020e-10
1.932160554553880368e-10
1.932500824660373961e-10
1.932826221430524909e-10
1.933136389215030831e-10
1.933430968053181305e-10
1.933709590400557216e-10
1.933971883758980682e-10
1.934217483576076436e-10
1.934446082512326694e-10
1.934657381625809152e-10
1.934851078188243516e-10
1.935026862080598511e-10
1.935184419591442957e-10
1.935323430134544204e-10
1.935443569250410861e-10
1.935544505498373090e-10
1.935625903789636315e-10
1.935687422339317124e-10
1.935728715650365233e-10
1.935749431623197975e-10
1.935749214597597030e-10
1.935727702317244572e-10
1.935684529069882339e-10
1.935619322956275062e-10
1.935531708268624850e-10
1.935421303045719985e-10
1.935287722227421790e-10
1.935130598571061985e-10
1.934949659009995665e-10
1.934744649597546816e-10
1.934515314008439699e-10
1.934261391518740297e-10
1.933982619296037414e-10
1.933678729697503219e-10
1.933349453759384643e-10
1.932994517921039093e-10
1.932613646907946328e-10
1.932206561212941688e-10
1.931772980190967340e-10
1.931312618848329627e-10
1.930825191001943266e-10
1.930310406409022631e-10
1.929767973661476156e-10
1.929197597731844474e-10
1.928598982566368428e-10
1.927971828815911680e-10
1.927315836157886672e-10
1.926630724139220053e-10
1.925916303928191045e-10
1.925172407382675963e-10
1.924398867368871363e-10
1.923595514760940649e-10
1.922762181323260553e-10
1.921898697193354210e-10
1.921004893664716483e-10
1.920080600535950312e-10
1.919125649027948917e-10
1.918139869205573047e-10
1.917123092695191584e-10
1.916075149968690355e-10
1.914995873796672790e-10
1.913885095726773100e-10
1.912742649702602225e-10
1.911568369039128569e-10
1.910362089368382423e-10
1.909123646121420206e-10
1.907852877246222829e-10
1.906549645497420169e-10
1.905213915788358800e-10
1.903845679251998341e-10
1.902444930865407822e-10
1.901011667254831595e-10
1.899545889080226665e-10
1.898047598737072414e-10
1.896516803116782164e-10
1.894953511046655440e-10
1.893357735918875089e-10
1.891729493235951953e-10
1.890068803401471988e-10
1.888375689103564496e-10
1.886650178144748005e-10
1.884892300807162533e-10
1.883102092750958746e-10
1.881279592204844675e-10
1.879424843216618848e-10
1.877537892597029249e-10
1.875618792780695086e-10
1.873667610393549846e-10
1.871684461433538700e-10
1.869669476692345105e-10
1.867622793269414961e-10
1.865544552129206690e-10
1.863434901081750726e-10
1.861293991893662023e-10
1.859121983034913485e-10
1.856919037273392928e-10
1.854685324377213485e-10
1.852421018364187363e-10
1.850126300335102973e-10
1.847801356004422264e-10
1.845446378191481959e-10
1.843061564406135848e-10
1.840647119468862820e-10
1.838203252843370462e-10
1.835730181432574875e-10
1.833228127114149422e-10
1.830697318994229749e-10
1.828138001356525374e-10
1.825550465436838550e-10
1.822935017884853843e-10
1.820291973173599514e-10
1.817621651398047974e-10
1.814924380545728113e-10
1.812200494143133571e-10
1.809450333710369833e-10
1.806674246259445210e-10
1.803872586912948104e-10
1.801045716222790431e-10
1.798194002886919745e-10
1.795317820986115424e-10
1.792417552668295484e-10
1.789493585689609760e-10
1.786546315656895012e-10
1.783576143683329779e-10
1.780583478787057826e-10
1.777568735643213157e-10
1.774532336548797865e-10
1.771474691079405911e-10
1.768396142642172076e-10
1.765297021215306997e-10
1.762177663837599015e-10
1.759038412367594303e-10
1.755879615679202789e-10
1.752701627297972683e-10
1.749504807675105108e-10
1.746289522018830297e-10
1.743056142108227521e-10
1.739805044487101817e-10
1.736536612215898757e-10
1.733251232918461673e-10
1.729949300926129293e-10
1.726631214663419017e-10
1.723297379239583510e-10
1.719948203799788391e-10
1.716584103989808021e-10
1.713205499460815794e-10
1.709812816078891611e-10
1.706406472305452762e-10
1.702986847276978094e-10
1.699554312164899227e-10
1.696109243856147089e-10
1.692652022447011022e-10
1.689183033631393517e-10
1.685702666226460189e-10
1.682211314221684297e-10
1.678709374922827144e-10
1.675197250458687384e-10
1.671675346117937809e-10
1.668144071898286785e-10
1.664603840721310556e-10
1.661055070202621314e-10
1.657498180551425814e-10
1.653933596561211520e-10
1.650361745616477335e-10
1.646783059218781272e-10
1.643197971317053645e-10
1.639606920002833422e-10
1.636010314243974628e-10
1.632408442325110021e-10
1.628801562479353915e-10
1.625189936104181448e-10
1.621573825507438439e-10
1.617953496047874146e-10
1.614329213819552536e-10
1.610701247872504199e-10
1.607069867615993152e-10
1.603435345471741302e-10
1.599797954059717573e-10
1.596157968551000425e-10
1.592515664471748265e-10
1.588871319614921629e-10
1.585225211938414146e-10
1.581577621530041798e-10
1.577928828573037662e-10
1.574279114953394890e-10
1.570628762814773141e-10
1.566978055772718287e-10
1.563327256963952482e-10
1.559676549409296388e-10
1.556026094952545246e-10
1.552376056395903755e-10
1.548726595648398879e-10
1.545077875473220566e-10
1.541430057636189103e-10
1.537783304545133254e-10
1.534137777523159261e-10
1.530493638391976903e-10
1.526851047773861322e-10
1.523210166684156908e-10
1.519571154569231254e-10
1.515934171509285038e-10
1.512299375736340255e-10
1.508666925824878646e-10
1.505036978611641184e-10
1.501409691065612791e-10
1.497785218367481886e-10
1.494163715651123898e-10
1.490545309909763416e-10
1.486930022662294180e-10
1.483317846593010395e-10
1.479708773780486975e-10
1.476102793719968548e-10
1.472499895018094245e-10
1.468900063924115226e-10
1.465303285419880910e-10
1.461709542073064727e-10
1.458118815250801959e-10
1.454531083670816466e-10
1.450946324837688507e-10
1.447364513598905510e-10
1.443785623376976550e-10
1.440209625012777167e-10
1.436636487793044170e-10
1.433066178343635899e-10
1.429498661897514536e-10
1.425933900599344320e-10
1.422371855389484570e-10
1.418812482771961352e-10
1.415255732600428097e-10
1.411701550446960657e-10
1.408149880296142679e-10
1.404600662920778602e-10
1.401053837623261873e-10
1.397509340367139640e-10
1.393967105638998339e-10
1.390427064592557848e-10
1.386889146702317974e-10
1.383353278254518126e-10
1.379819383802011274e-10
1.376287384516978215e-10
1.372757199980786414e-10
1.369228746452186578e-10
1.365701938423632039e-10
1.362176687209709777e-10
1.358652902093797567e-10
1.355130489260228611e-10
1.351609353087250061e-10
1.348089402991538297e-10
1.344570580737307583e-10
1.341052833284153251e-10
1.337536105916698392e-10
1.334020340608325658e-10
1.330505477610685457e-10
1.326991453960450385e-10
1.323478204911863317e-10
1.319965662507474254e-10
1.316453757013768116e-10
1.312942415530977080e-10
1.309431563384384937e-10
1.305921122615277969e-10
1.302411013649553334e-10
1.298901153698282887e-10
1.295391458174524420e-10
1.291881839357372757e-10
1.288372207747839833e-10
1.284862470767816950e-10
1.281352533992693827e-10
1.277842301787155212e-10
1.274331684351870740e-10
1.270820590600547035e-10
1.267308927927701666e-10
1.263796600551120117e-10
1.260283511158126670e-10
1.256769559287999891e-10
1.253254643129255669e-10
1.249738657721776619e-10
1.246221496732188017e-10
1.242703050840914809e-10
1.239183209218565355e-10
1.235661858313722026e-10
1.232138882992351221e-10
1.228614165350087034e-10
1.225087586052757058e-10
1.221559023036061434e-10
1.218028352891050238e-10
1.214495449427667469e-10
1.210960185167148253e-10
1.207422424693176998e-10
1.203882010085178141e-10
1.200338775480701574e-10
1.196792553741108209e-10
1.193243175119207413e-10
1.189690468729369183e-10
1.186134261065776901e-10
1.182574377593356474e-10
1.179010641233063615e-10
1.175442873906827429e-10
1.171870895093330285e-10
1.168294523347098904e-10
1.164713574791389294e-10
1.161127864586104700e-10
1.157537205683278586e-10
1.153941410064666471e-10
1.150340287622053052e-10
1.146733647371940311e-10
1.143121296140832981e-10
1.139503040112348825e-10
1.135878699854892523e-10
1.132248161031243863e-10
1.128611323982211024e-10
1.124968088639365042e-10
1.121318353386004748e-10
1.117662016136695056e-10
1.113998973337888934e-10
1.110329121132093386e-10
1.106652354198191442e-10
1.102968567018545465e-10
1.099277652661211777e-10
1.095579504106639482e-10
1.091874012974846170e-10
1.088161070813007911e-10
1.084440568038714557e-10
1.080712394957874692e-10
1.076976440828967426e-10
1.073232594964558366e-10
1.069480745706991525e-10
1.065720781493371046e-10
1.061952599293813644e-10
1.058176134002516970e-10
1.054391329182373422e-10
1.050598128777189617e-10
1.046796476163200901e-10
1.042986315134374128e-10
1.039167588950669288e-10
1.035340241343715095e-10
1.031504215646770856e-10
1.027659455690917080e-10
1.023805904998339059e-10
1.019943507627525925e-10
1.016072207419016095e-10
1.012191948909223239e-10
1.008302676449466051e-10
1.004404335083186444e-10
1.000496869845833178e-10
9.965802265459164303e-11
9.926543510150023578e-11
9.887191899735386826e-11
9.847747010639582723e-11
9.808208864518166100e-11
9.768577594268622441e-11
9.728853343997008532e-11
9.689036260773787096e-11
9.649126503493291751e-11
9.609124234647268473e-11
9.569029628548460976e-11
9.528842864201725205e-11
9.488564132572452453e-11
9.448193629811723623e-11
9.407731564686146305e-11
9.367178152641356585e-11
9.326533621272822303e-11
9.285798205776508660e-11
9.244972154378211290e-11
9.204055722968434376e-11
9.163049181470445763e-11
9.121952807370933577e-11
9.080766892875388650e-11
9.039491941170255101e-11
8.998129284445641386e-11
8.956680468091018474e-11
8.915147053819111253e-11
8.873530613750614939e-11
8.831832736893866590e-11
8.790055022704104073e-11
8.748199087772109243e-11
8.706266558967578603e-11
8.664259081370355904e-11
8.622178310175765455e-11
8.580025918613206956e-11
8.537803590687778751e-11
8.495513027677697528e-11
8.453155942233495554e-11
8.410734064332380803e-11
8.368249134644301429e-11
8.325702911446384694e-11
8.283097163869731056e-11
8.240433678495861601e-11
8.197714193829059656e-11
8.154940229401536075e-11
8.112113257329319557e-11
8.069234765258226182e-11
8.026306252567963766e-11
7.983329234571098406e-11
7.940305237595012070e-11
7.897235804094327282e-11
7.854122486893322921e-11
7.810966855165980888e-11
7.767770487870419645e-11
7.724534980513873244e-11
7.681261937728719474e-11
7.637952980523377093e-11
7.594609739349917080e-11
7.551233860117000065e-11
7.507826998238451408e-11
7.464390824444383364e-11
7.420927018277663291e-11
7.377437274331540482e-11
7.333923390204306112e-11
7.290387555202187297e-11
7.246832062296717647e-11
7.203259217906540225e-11
7.159671337200581672e-11
7.116070749062971194e-11
7.072459789861010127e-11
7.028840809698322616e-11
6.985216165340274522e-11
6.941588226805407369e-11
6.897959370984506349e-11
6.854331986220805363e-11
6.810708468009503443e-11
6.767091222127588723e-11
6.723482660860036267e-11
6.679885206683730603e-11
6.636301287017138408e-11
6.592733339629661293e-11
6.549183805929892316e-11
6.505655137772679108e-11
6.462149756634628994e-11
6.418669959442572810e-11
6.375218012510065466e-11
6.331796190430496822e-11
6.288406769892648692e-11
6.245052034825184399e-11
6.201734270896560741e-11
6.158455770343599170e-11
6.115218826333926800e-11
6.072025738021591873e-11
6.028878804794027758e-11
5.985780331306680003e-11
5.942732622214506894e-11
5.899737986410763108e-11
5.856798732268427395e-11
5.813917171644435938e-11
5.771095615150491749e-11
5.728336376290386864e-11
5.685641766340422559e-11
5.643014099015532597e-11
5.600455693754253969e-11
5.557968905131913021e-11
5.515556093453795694e-11
5.473219619127318234e-11
5.430961839013432392e-11
5.388785109837823271e-11
5.346691783791369583e-11
5.304684212620554364e-11
5.262764742522974775e-11
5.220935719003683933e-11
5.179199481293829150e-11
5.137558367073937238e-11
5.096014707698191125e-11
5.054570831680160550e-11
5.013229060642070817e-11
4.971991713220548672e-11
4.930861100249108837e-11
4.889839528854171467e-11
4.848929298440986627e-11
4.808132703757467988e-11
4.767451865212370012e-11
4.726888233242822625e-11
4.686443084183167279e-11
4.646117689333882234e-11
4.605913311433946110e-11
4.565831208055630419e-11
4.525872627734839446e-11
4.486038813312977439e-11
4.446330998188751562e-11
4.406750409578734335e-11
4.367298265162991162e-11
4.327975775895551823e-11
4.288784143031668759e-11
4.249724560979062764e-11
4.210798213881003366e-11
4.172006279021170993e-11
4.133349923092220029e-11
4.094830305753857438e-11
4.056448575555349648e-11
4.018205873885048243e-11
3.980103311288799039e-11
3.942141911282122815e-11
3.904322666514011447e-11
3.866646561765796268e-11
3.829114570754867257e-11
3.791727659039796610e-11
3.754486781093378894e-11
3.717392883043197375e-11
3.680446899609973316e-11
3.643649757122431219e-11
3.607002370556612615e-11
3.570505646100534694e-11
3.534160478606405517e-11
3.497967754263161853e-11
3.461928347784438319e-11
3.426043125045577810e-11
3.390312940425400007e-11
3.354738639633589365e-11
3.319321056816614399e-11
3.284061017155785656e-11
3.248959259216684495e-11
3.214016211232767123e-11
3.179232215382346670e-11
3.144607605235670237e-11
3.110142703775246921e-11
3.075837825564664328e-11
3.041693274565058589e-11
3.007709346625001665e-11
2.973886326796691243e-11
2.940224492085574046e-11
2.906724109118199605e-11
2.873385436251185405e-11
2.840208721734558304e-11
2.807194205707107068e-11
2.774342118110830313e-11
2.741652680981788977e-11
2.709126106501156028e-11
2.676762598731565830e-11
2.644562352221011303e-11
2.612525553604194185e-11
2.580652283408138108e-11
2.548942227291170252e-11
2.517394965795536994e-11
2.486010072765891501e-11
2.454787113756780088e-11
2.423725647900037676e-11
2.392825226303339300e-11
2.362085393905135514e-11
2.331505687808028855e-11
2.301085639043915557e-11
2.270824771132739655e-11
2.240722601734659596e-11
2.210778641260217114e-11
2.180992394428096360e-11
2.151363358920953790e-11
2.121891027028805355e-11
2.092574884226160815e-11
2.063414410793750753e-11
2.034409080537691032e-11
2.005558362185985975e-11
1.976861712920502655e-11
1.948318563614505656e-11
1.919928333940276347e-11
1.891690439014321325e-11
1.863604288351889470e-11
1.835669287120616505e-11
1.807884835153420002e-11
1.780250328238656858e-11
1.752765157143144796e-11
1.725428708639377873e-11
1.698240364795155719e-11
1.671199504005505574e-11
1.644305500109373912e-11
1.617557723491591609e-11
1.590955540313453478e-11
1.564498313537065781e-11
1.538185402139989615e-11
1.512016162171157316e-11
1.485989945984320958e-11
1.460106103185860781e-11
1.434363979901746286e-11
1.408762919756260223e-11
1.383302263095008934e-11
1.357981347980530024e-11
1.332799509333826232e-11
1.307756080058840564e-11
1.282850390121575350e-11
1.258081767668709905e-11
1.233449538259859799e-11
1.208953025760908484e-11
1.184591551778340645e-11
1.160364436410353376e-11
1.136270997803613225e-11
1.112310552757833135e-11
1.088482416317552347e-11
1.064785902421326003e-11
1.041220323399941391e-11
1.017784990675625962e-11
9.944792142736655183e-12
