0.000000000000000000e+00
2.888316699578560569e-09
2.760339488762781634e-11
6.111162944130382586e-12
2.205033613349937380e-12
1.000962637652986121e-12
5.223665539048172060e-13
2.999207619740323651e-13
1.846980842095313794e-13
1.200422284556676312e-13
8.143631273040008902e-14
5.711028293643008121e-14
4.130986655735320275e-14
3.069302329957401011e-14
2.331514027444411219e-14
1.803604674812004494e-14
1.416548911525478148e-14
1.126971980321816169e-14
9.066326244190069241e-15
7.365540972459023797e-15
6.036364855318325146e-15
4.986263750623080215e-15
4.149813723988156908e-15
3.481437368679041869e-15
2.944516829701569728e-15
2.509904168178924125e-15
2.155070464608209910e-15
1.862803938324273954e-15
1.619988552670441470e-15
1.416600116064868311e-15
1.244933266166967164e-15
1.099018978644815106e-15
9.741940861792443176e-16
8.667822827329077692e-16
7.738593513362980646e-16
6.930783738979823285e-16
6.225398774162086512e-16
5.606939224485028932e-16
5.062662489990980417e-16
4.582017246830423104e-16
4.156209274846398108e-16
3.777863765100154403e-16
3.440851449776431126e-16
3.140228646222870380e-16
2.871664231168803467e-16
2.631311336503733177e-16
2.415782647926115640e-16
2.222111723398489119e-16
2.047709402724270007e-16
1.890319503091127357e-16
1.747977583354909022e-16
1.618972410213543924e-16
1.501812710249327572e-16
1.395196577622482139e-16
1.297986430803396079e-16
1.209185580722697405e-16
1.127920004781171211e-16
1.053420637503577362e-16
9.850103137933056272e-17
9.220904888462851541e-17
8.641318173014476495e-17
8.106645026785494911e-17
7.612748289576343149e-17
7.156067278248809538e-17
6.733393139646608725e-17
6.341800402347904957e-17
5.978627448914748175e-17
5.641456155949749008e-17
5.328091549102502381e-17
5.036542177432177259e-17
4.765001482679885703e-17
4.511830445445771010e-17
4.275541533442997273e-17
4.054784023979498107e-17
3.848330606204027649e-17
3.655065274251244844e-17
3.473972352531301824e-17
3.304126639052309937e-17
3.144684510704968140e-17
2.994875960930515501e-17
2.853997426733927955e-17
2.721405379306523852e-17
2.596514850242367579e-17
2.478804059909834050e-17
2.367792503664047005e-17
2.263033692196929442e-17
2.164113042237381519e-17
2.070645807156531229e-17
1.982275033752197330e-17
1.898669619576256946e-17
1.819522437172020169e-17
1.744548581791796932e-17
1.673483705076027199e-17
1.606082472316428623e-17
1.542117110445936749e-17
1.481376070979742420e-17
1.423662781699218518e-17
1.368794499835987706e-17
1.316601246341140782e-17
1.266924828643904936e-17
1.219617936470864438e-17
1.174543311989793205e-17
1.131573724142849752e-17
1.090593055371217818e-17
1.051492795235164076e-17
1.014170828303937437e-17
9.785310815378439486e-18
9.444831890189108089e-18
9.119421569907598182e-18
8.808280518035191319e-18
8.510656921264195088e-18
8.225843631728692573e-18
7.953175389420102772e-18
7.692026255855480565e-18
7.441807128813612980e-18
7.201963455739838010e-18
6.971973037779421239e-18
6.751344010888024364e-18
6.539612908546272941e-18
6.336342889410982279e-18
6.141122037066905751e-18
5.953561806314499181e-18
5.773297336306456821e-18
5.599990595779556314e-18
5.433322375094687061e-18
5.272989481546851022e-18
5.118703958954783571e-18
4.970192358811348187e-18
4.827195005568530755e-18
4.689465311677233149e-18
4.556769099222193584e-18
4.428883965838744132e-18
4.305598663891359287e-18
4.186712520193143870e-18
4.072034871430593240e-18
3.961384539252814443e-18
3.854589319646058483e-18
3.751485508551935322e-18
3.651917442717350437e-18
3.555737074576264448e-18
3.462803560300855777e-18
3.372982877735735880e-18
3.286147935253567756e-18
3.202179463481351657e-18
3.120963942537134162e-18
3.042392854510540053e-18
2.966362458548246858e-18
2.892773584019657522e-18
2.821531422014030971e-18
2.752545332212880712e-18
2.685728649516895576e-18
2.620998506010793573e-18
2.558275650476431119e-18
2.497484287271751056e-18
2.438551909553487064e-18
2.381409151744603234e-18
2.325989637648255680e-18
2.272229845755687858e-18
2.220068970716220898e-18
2.169448801104785916e-18
2.120313593656609013e-18
2.072609961766121141e-18
2.026286946235829369e-18
1.981296401345199424e-18
1.937592230407479553e-18
1.895130116838571570e-18
1.853867451143791376e-18
1.813763269640060185e-18
1.774778184975044351e-18
1.736874328561824233e-18
1.700015285221791118e-18
1.664166039918301995e-18
1.629292916579875975e-18
1.595363528439958952e-18
1.562346721051384618e-18
1.530212526828545030e-18
1.498932112351818597e-18
1.468477735319682397e-18
1.438822696899119759e-18
1.409941302012494532e-18
1.381808815015673256e-18
1.354401423281573994e-18
1.327696226843919095e-18
1.301671286176929184e-18
1.276305477658552351e-18
1.251578434186571941e-18
1.227470512723438329e-18
1.203962769710597400e-18
1.181036931071501309e-18
1.158675369681590420e-18
1.136861077006084633e-18
1.115577642494770135e-18
1.094809227731189898e-18
1.074540546962885154e-18
1.054756843164882253e-18
1.035443870426258669e-18
1.016587871821286517e-18
9.981755629157744761e-19
9.801941114702606451e-19
9.626311224333256871e-19
9.454746190263802231e-19
9.287130289102337017e-19
9.123351844012197534e-19
8.963303567287193734e-19
8.806881798460594930e-19
8.653986210920052537e-19
8.504519681946789204e-19
8.358388194770025043e-19
8.215500715002350552e-19
8.075769102591131272e-19
7.939107993668280301e-19
7.805434720447999828e-19
7.674669201689143843e-19
7.546733867789164882e-19
7.421553557932380089e-19
7.299055451426448176e-19
7.179168973143130347e-19
7.061825727773628673e-19
6.946959413123534889e-19
6.834505758917789229e-19
6.724402446214828649e-19
6.616589051273983489e-19
6.511006901487959689e-19
6.407598837189066610e-19
6.306309375425849643e-19
6.207084730529988236e-19
6.109872743069479802e-19
6.014622833367690807e-19
5.921285935282109343e-19
5.829814453604532170e-19
5.740162201986227934e-19
5.652284365511345376e-19
5.566137441753351675e-19
5.481679206920833668e-19
5.398868661571370209e-19
5.317665999332558829e-19
5.238032556226722673e-19
5.159930782272450428e-19
5.083324194244216646e-19
5.008177350393793371e-19
4.934455804958459812e-19
4.862126086512987397e-19
4.791155649073175081e-19
4.721512834708905715e-19
4.653166856024957039e-19
4.586087781655574314e-19
4.520246501067723097e-19
4.455614705384389090e-19
4.392164854683938198e-19
4.329870159682739351e-19
4.268704552374251281e-19
4.208642668240555290e-19
4.149659819314456419e-19
4.091731977546244370e-19
4.034835749607977415e-19
3.978948362587357478e-19
3.924047638828586485e-19
3.870111983762072235e-19
3.817120362193974555e-19
3.765052286812035356e-19
3.713887796608025276e-19
3.663607446078761261e-19
3.614192260894795920e-19
3.565623662745902933e-19
3.517883529169026220e-19
3.470954209307833896e-19
3.424818503557724057e-19
3.379459655437095120e-19
3.334861332129328443e-19
3.291007617797388117e-19
3.247882995062952916e-19
3.205472338650118997e-19
3.163760898335640917e-19
3.122734293418026278e-19
3.082378495944175139e-19
3.042679826598342919e-19
3.003624938404426240e-19
2.965200813117805404e-19
2.927394746027792198e-19
2.890194342585020341e-19
2.853587503960387980e-19
2.817562424519495235e-19
2.782107602787122267e-19
2.747211909779534252e-19
2.712864492063479418e-19
2.679054743310962095e-19
2.645772294369419484e-19
2.613007010956106654e-19
2.580748984614096123e-19
2.548988529813141321e-19
2.517716176145187350e-19
2.486922665320772969e-19
2.456598943637051291e-19
2.426736158987098876e-19
2.397325654340153678e-19
2.368358964415613964e-19
2.339827809541250124e-19
2.311724092464198353e-19
2.284039893058406939e-19
2.256767464424229461e-19
2.229899228442006249e-19
2.203427772168888759e-19
2.177345857358833099e-19
2.151646457654764022e-19
2.126322706582083171e-19
2.101367880122216984e-19
2.076775393009056531e-19
2.052538796386364672e-19
2.028651774270189654e-19
2.005108141344613971e-19
1.981901839428521296e-19
1.959026935291797750e-19
1.936477617671583256e-19
1.914248194648733416e-19
1.892333091201800606e-19
1.870726846489106276e-19
1.849424111239799926e-19
1.828419645864153499e-19
1.807708317198589794e-19
1.787285097233031567e-19
1.767145059620758012e-19
1.747283378968096276e-19
1.727695354423558084e-19
1.708376487334715831e-19
1.689322385920551880e-19
1.670528737549120275e-19
1.651991305428726155e-19
1.633705929633003407e-19
1.615668523880905450e-19
1.597875076517461709e-19
1.580321647082546117e-19
1.563004367465365716e-19
1.545919438691766595e-19
1.529063131541908758e-19
1.512431783890797610e-19
1.496021801082265366e-19
1.479829653367536708e-19
1.463851876093603029e-19
1.448085067406332866e-19
1.432525888299785088e-19
1.417171060388850221e-19
1.402017366039928639e-19
1.387061660331528728e-19
1.372300912247041405e-19
1.357732154488019612e-19
1.343352470108711518e-19
1.329158989583380067e-19
1.315148892460403318e-19
1.301319404508235492e-19
1.287667799159372945e-19
1.274191395063718011e-19
1.260887556796571308e-19
1.247753693331915779e-19
1.234787257864472318e-19
1.221985746903426474e-19
1.209346699733184434e-19
1.196867697781850243e-19
1.184546363870802373e-19
1.172380361682606215e-19
1.160367394973923833e-19
1.148505207158608387e-19
1.136791580410677225e-19
1.125224344543529744e-19
1.113801402989635649e-19
1.102520701376222280e-19
1.091380217574248084e-19
1.080377960954965495e-19
1.069511972547584778e-19
1.058780324042093469e-19
1.048181117964585212e-19
1.037712486652961261e-19
1.027372592514667452e-19
1.017159626901295818e-19
1.007071810474384893e-19
9.971073919678421617e-20
9.872646485174921001e-20
9.775418845421319451e-20
9.679374320450840532e-20
9.584496494923004211e-20
9.490769220283876276e-20
9.398176604631106349e-20
9.306703016303620567e-20
9.216333080644354827e-20
9.127051715861302662e-20
9.038844084888091004e-20
8.951695591104805795e-20
8.865591862844659561e-20
8.780518763236020658e-20
8.696462371518539561e-20
8.613408994737583269e-20
8.531345148916048052e-20
8.450257569955992014e-20
8.370133195537861958e-20
8.290959176338975121e-20
8.212722858077418290e-20
8.135411791087718516e-20
8.059013715445972543e-20
7.983516567762169593e-20
7.908908468844182751e-20
7.835177728136393512e-20
7.762312834821120244e-20
7.690302458482493466e-20
7.619135410677146683e-20
7.548800550778586503e-20
7.479286887066973190e-20
7.410583609021337305e-20
7.342680080825529299e-20
7.275565839994074521e-20
7.209230592086535521e-20
7.143664208749293888e-20
7.078856722593359009e-20
7.014798325904177973e-20
6.951479366124448730e-20
6.888890342185842259e-20
6.827021903467838821e-20
6.765864844545203014e-20
6.705410104192102255e-20
6.645648760982284910e-20
6.586572031491772384e-20
6.528171266838972912e-20
6.470437950677523120e-20
6.413363695660315548e-20
6.356940164376669152e-20
6.301158843431241159e-20
6.246011293081727935e-20
6.191489223427100805e-20
6.137584489630771366e-20
6.084289090865506874e-20
6.031595161986135282e-20
5.979494975986049618e-20
5.927980933596946753e-20
5.877045567980511912e-20
5.826681532846700824e-20
5.776881608194966981e-20
5.727638687789580507e-20
5.678945786438964454e-20
5.630796026932585046e-20
5.583182647318449924e-20
5.536098988212994438e-20
5.489538499796358936e-20
5.443494730744903535e-20
5.397961333334536690e-20
5.352931981662683775e-20
5.308400168446379771e-20
5.264359429372975193e-20
5.220803421571280798e-20
5.177725913295737309e-20
5.135120787553575250e-20
5.092982032062764043e-20
5.051303742781876869e-20
5.010080114430221125e-20
4.969305444324939063e-20
4.928974123073696152e-20
4.889080638116103929e-20
4.849619564917435422e-20
4.810585570979184671e-20
4.771973407073348863e-20
4.733777911007943358e-20
4.695993999748576594e-20
4.658616672626535396e-20
4.621641004402165497e-20
4.585062147381519709e-20
4.548875235181800413e-20
4.513075121797979662e-20
4.477656669599550081e-20
4.442614843489551010e-20
4.407944703668337526e-20
4.373641407080946288e-20
4.339700199762313033e-20
4.306116418687385886e-20
4.272885483990631389e-20
4.240002901999240560e-20
4.207464256866171796e-20
4.175265213619368030e-20
4.143401510643250623e-20
4.111868962727035541e-20
4.080663453537304173e-20
4.049780938575347610e-20
4.019217438359744173e-20
3.988969041317233228e-20
3.959031897176069499e-20
3.929402219708998701e-20
3.900076280567164719e-20
3.871050411792096424e-20
3.842321000350924792e-20
3.813884490384120089e-20
3.785737377780928426e-20
3.757876212623619406e-20
3.730297593909463070e-20
3.702998172447751040e-20
3.675974645036132235e-20
3.649223757894467720e-20
3.622742300814020445e-20
3.596527110489113633e-20
3.570575065322270583e-20
3.544883088169238413e-20
3.519448141508664877e-20
3.494267230386274092e-20
3.469337397511944825e-20
3.444655726275328593e-20
3.420219335649649445e-20
