4.500000000000000000e+00 2.810018849500480958e-10
9.500000000000000000e+00 1.136427292458765030e-10
1.450000000000000000e+01 3.821592143346730111e-10
1.950000000000000000e+01 2.946197751214156307e-10
2.450000000000000000e+01 -3.115938166415798035e-11
2.950000000000000000e+01 -4.000740914428500085e-11
3.450000000000000000e+01 9.945099673045831521e-11
3.950000000000000000e+01 -2.493475648755070757e-10
4.450000000000000000e+01 3.286005464304881456e-11
4.950000000000000000e+01 4.815114916364182758e-10
5.450000000000000000e+01 1.704528882218341012e-10
5.950000000000000000e+01 4.341895403023436078e-10
6.450000000000000000e+01 -2.452861389367121668e-10
6.950000000000000000e+01 -3.938362353877589922e-10
7.450000000000000000e+01 2.031628500045952242e-10
7.950000000000000000e+01 4.912553642299445305e-10
8.450000000000000000e+01 1.408619449549110281e-10
8.950000000000000000e+01 -5.125775344899303272e-10
9.450000000000000000e+01 5.003216869026095467e-10
9.850000000000000000e+01 3.954235067663432469e-10
1.500000000000000000e+02 7.263512317127085069e-11
2.500000000000000000e+02 5.408384565711843985e-10
