2.500000000000000000e+00 1.044920420040692393e-07
3.500000000000000000e+00 6.080382965600288529e-08
4.500000000000000000e+00 3.991194449200303372e-08
5.500000000000000000e+00 2.931100335714750931e-08
6.500000000000000000e+00 2.158798883194481616e-08
7.500000000000000000e+00 1.857678051632103717e-08
8.500000000000000000e+00 1.596300205624224262e-08
9.500000000000000000e+00 1.443021997426960554e-08
1.050000000000000000e+01 1.251944874699447340e-08
1.150000000000000000e+01 1.247136728781799954e-08
1.250000000000000000e+01 1.116129396549761098e-08
1.350000000000000000e+01 1.042875527720245071e-08
1.450000000000000000e+01 1.010498024123269414e-08
1.550000000000000000e+01 9.135878440913821341e-09
1.650000000000000000e+01 9.104041422300613909e-09
1.750000000000000000e+01 9.675688726389885651e-09
1.850000000000000000e+01 8.903082963128250854e-09
1.950000000000000000e+01 8.644759824943978968e-09
2.050000000000000000e+01 9.066090928975808411e-09
2.150000000000000000e+01 8.649950198444922325e-09
2.250000000000000000e+01 8.040851028528512524e-09
2.350000000000000000e+01 8.522383911006099714e-09
2.450000000000000000e+01 8.338294631109489814e-09
2.550000000000000000e+01 8.194111838706197574e-09
2.650000000000000000e+01 8.071509945058116509e-09
2.750000000000000000e+01 7.984882814767194633e-09
2.850000000000000000e+01 7.836757875643451680e-09
2.950000000000000000e+01 7.652870056172580423e-09
3.050000000000000000e+01 7.445269409332722017e-09
3.150000000000000000e+01 7.470406859518593835e-09
3.250000000000000000e+01 8.135301842199652899e-09
3.350000000000000000e+01 7.512553255249559355e-09
3.450000000000000000e+01 7.754421447234874835e-09
3.550000000000000000e+01 8.030922383620031531e-09
3.650000000000000000e+01 7.215982966335546801e-09
3.750000000000000000e+01 7.853057706574771750e-09
3.850000000000000000e+01 7.683977058535939435e-09
3.950000000000000000e+01 7.753528356013113875e-09
4.050000000000000000e+01 7.314647829024770826e-09
4.150000000000000000e+01 7.459832002548023679e-09
4.250000000000000000e+01 7.271720585323546951e-09
4.350000000000000000e+01 7.422547018732546444e-09
4.450000000000000000e+01 7.412088254147867044e-09
4.550000000000000000e+01 7.184151300956813310e-09
4.650000000000000000e+01 7.440622489422670143e-09
4.750000000000000000e+01 8.009325597590639941e-09
4.850000000000000000e+01 7.314628452454079774e-09
4.950000000000000000e+01 7.515870904398274307e-09
5.050000000000000000e+01 7.379698146595936188e-09
5.150000000000000000e+01 7.371850850490503417e-09
5.250000000000000000e+01 7.420703100801301008e-09
5.350000000000000000e+01 7.921915601949333131e-09
5.450000000000000000e+01 7.299098500569386146e-09
5.550000000000000000e+01 7.537416444934287528e-09
5.650000000000000000e+01 7.469438160588148865e-09
5.750000000000000000e+01 7.092348116105873268e-09
5.850000000000000000e+01 7.500381716031192296e-09
5.950000000000000000e+01 7.667050214213750078e-09
6.050000000000000000e+01 7.594765791695385546e-09
6.150000000000000000e+01 7.098311565601000387e-09
6.250000000000000000e+01 7.707890409000994030e-09
6.350000000000000000e+01 7.292940983786512795e-09
6.450000000000000000e+01 7.724860771459031267e-09
6.550000000000000000e+01 7.474869786188597360e-09
6.650000000000000000e+01 7.596006058273263717e-09
6.750000000000000000e+01 7.468030720427583524e-09
6.850000000000000000e+01 7.452162213520258755e-09
6.950000000000000000e+01 7.473790460411679186e-09
7.050000000000000000e+01 7.416305823367154898e-09
7.150000000000000000e+01 7.527983811151935968e-09
7.250000000000000000e+01 7.391144570783336800e-09
7.350000000000000000e+01 7.057124772123319359e-09
7.450000000000000000e+01 7.308814482470993025e-09
7.550000000000000000e+01 7.548239386549104594e-09
7.650000000000000000e+01 7.472106910256559833e-09
7.750000000000000000e+01 7.362615643884086508e-09
7.850000000000000000e+01 7.383710326142432413e-09
7.950000000000000000e+01 7.404500227314901227e-09
8.050000000000000000e+01 7.409335031676713263e-09
8.150000000000000000e+01 7.480691826863464942e-09
8.250000000000000000e+01 7.572932179618680924e-09
8.350000000000000000e+01 7.607413709080194267e-09
8.450000000000000000e+01 7.367270723597568790e-09
8.550000000000000000e+01 7.248135144009978067e-09
8.650000000000000000e+01 7.411471539060023471e-09
8.750000000000000000e+01 7.439639245285910856e-09
8.850000000000000000e+01 7.536443139122593405e-09
8.950000000000000000e+01 7.259111199878343796e-09
9.050000000000000000e+01 7.420387324878282265e-09
9.150000000000000000e+01 7.512253494989260242e-09
9.250000000000000000e+01 7.468654130929202427e-09
9.350000000000000000e+01 7.354690155365253937e-09
9.450000000000000000e+01 7.426347134207235746e-09
9.550000000000000000e+01 7.330380006075682619e-09
9.650000000000000000e+01 7.437601860206138841e-09
9.750000000000000000e+01 7.331149971473465853e-09
9.850000000000000000e+01 7.602852779119150297e-09
9.950000000000000000e+01 7.504447420225693497e-09
1.500000000000000000e+02 7.573042234144556145e-09
2.500000000000000000e+02 7.852271919837885926e-09
3.500000000000000000e+02 7.969449375828435266e-09
4.500000000000000000e+02 8.029311971002525681e-09
5.500000000000000000e+02 7.982600635862598579e-09
6.500000000000000000e+02 7.706337561593979080e-09
7.500000000000000000e+02 7.400407105839306165e-09
1.100000000000000000e+03 5.873527471849235654e-09
1.700000000000000000e+03 3.951473717241943503e-09
2.300000000000000000e+03 2.893910827525701952e-09
2.900000000000000000e+03 2.421582315532343974e-09
3.500000000000000000e+03 2.641441822344996416e-09
