1.500000000000000000e+00 1.419848172693659618e-09
2.500000000000000000e+00 7.135122244741365478e-09
3.500000000000000000e+00 5.775451009843719214e-09
4.500000000000000000e+00 6.571810455166633813e-09
5.500000000000000000e+00 8.767915293083847570e-09
6.500000000000000000e+00 6.301634031301667382e-09
7.500000000000000000e+00 7.868413424831304352e-09
8.500000000000000000e+00 7.229124697483823905e-09
9.500000000000000000e+00 7.558984800465183390e-09
6.000000000000000000e+01 7.444170437952205459e-09
1.600000000000000000e+02 7.792461149017875376e-09
2.600000000000000000e+02 8.417573954500969647e-09
3.600000000000000000e+02 9.111786190910518037e-09
4.550000000000000000e+02 9.363211227901801649e-09
6.000000000000000000e+02 9.938204278830322265e-09
8.000000000000000000e+02 1.060342163036750869e-08
1.000000000000000000e+03 9.597521974681848522e-09
1.200000000000000000e+03 9.845808060973502227e-09
1.400000000000000000e+03 1.221510552995905845e-08
1.600000000000000000e+03 9.414531676077412129e-09
1.800000000000000000e+03 1.910789580112055310e-08
2.000000000000000000e+03 7.951038889781366419e-06
2.200000000000000000e+03 1.142097499212230057e-07
2.400000000000000000e+03 2.551816169830931449e-07
2.600000000000000000e+03 2.717891640766561951e-05
2.800000000000000000e+03 3.790912956897340860e-07
3.000000000000000000e+03 2.556223436977868276e-06
3.200000000000000000e+03 1.732686476078410913e-06
3.400000000000000000e+03 4.434493472917889471e-06
3.600000000000000000e+03 3.975152345273145658e-05
3.800000000000000000e+03 3.197874194584519756e-06
