1.500000000000000000e+00 0.000000000000000000e+00
2.500000000000000000e+00 5.520171928500068112e-09
3.500000000000000000e+00 3.245229949087730167e-09
4.500000000000000000e+00 5.502466617677405634e-09
5.500000000000000000e+00 6.150134659143596147e-09
6.500000000000000000e+00 4.085969428694531821e-09
7.500000000000000000e+00 6.266176609552068010e-09
8.500000000000000000e+00 4.669672828957601114e-09
9.500000000000000000e+00 6.152214377373236128e-09
6.000000000000000000e+01 5.199002896184507034e-09
1.600000000000000000e+02 5.470803444360022055e-09
2.600000000000000000e+02 5.828024700178616161e-09
3.600000000000000000e+02 6.088763951823700803e-09
4.550000000000000000e+02 6.330375725389293214e-09
6.000000000000000000e+02 6.597836252945504632e-09
8.000000000000000000e+02 6.568750124680278279e-09
1.000000000000000000e+03 6.166984740233151773e-09
1.200000000000000000e+03 5.598290194743781477e-09
1.400000000000000000e+03 4.939147270902803830e-09
1.600000000000000000e+03 4.346715008279283133e-09
1.800000000000000000e+03 3.818984092092962372e-09
2.000000000000000000e+03 3.397183535474605400e-09
2.200000000000000000e+03 3.054696131427046342e-09
2.400000000000000000e+03 2.790529598892596400e-09
2.600000000000000000e+03 2.591101090999395038e-09
2.800000000000000000e+03 2.448316330516151673e-09
3.000000000000000000e+03 2.368770563142111207e-09
3.200000000000000000e+03 2.378369521078742222e-09
3.400000000000000000e+03 2.484937527780240831e-09
3.600000000000000000e+03 2.709413972210797928e-09
3.800000000000000000e+03 3.189530015883969882e-09
