0.000000000000000000e+00
1.116832968473630168e-10
1.116942145245150394e-10
1.117063192302380680e-10
1.117264740038671002e-10
1.117499135694086674e-10
1.117778284432937293e-10
1.118126081133471693e-10
1.118490509527480524e-10
1.118913725202523814e-10
1.119381079232294029e-10
1.119894465743165618e-10
1.120454919240628025e-10
1.121062419235693417e-10
1.121715821567274173e-10
1.122414847333687106e-10
1.123158518736760556e-10
1.123946368487290681e-10
1.124777534358845920e-10
1.125651420473176705e-10
1.126567239526200616e-10
1.127524315930572337e-10
1.128521928583541308e-10
1.129559488339814884e-10
1.130636409040814384e-10
1.131752123252362943e-10
1.132906030095923964e-10
1.134097590163525552e-10
1.135326168842593244e-10
1.136591282640790769e-10
1.137892249973994352e-10
1.139228664272955445e-10
1.140599787552273167e-10
1.142005303851288174e-10
1.143444414829635928e-10
1.144916902183802862e-10
1.146421910802433267e-10
1.147959320520800259e-10
1.149528230164985267e-10
1.151128611318178166e-10
1.152759534588099680e-10
1.154421048751960856e-10
1.156112216383566586e-10
1.157833121065145729e-10
1.159582830657709435e-10
1.161361449688067122e-10
1.163168104352864644e-10
1.165002889274658411e-10
1.166865023802268778e-10
1.168754555857784016e-10
1.170670829287449226e-10
1.172613810624959832e-10
1.174582987720087390e-10
1.176578221166464318e-10
1.178599135307132282e-10
1.180645485134372285e-10
1.182716964652461772e-10
1.184813279848885525e-10
1.186933969928212313e-10
1.189078898247239855e-10
1.191246315227596027e-10
1.193437303005792556e-10
1.195651592745894650e-10
1.197888912291497547e-10
1.200148985286652218e-10
1.202431545652811828e-10
1.204736327743136399e-10
1.207063073835693465e-10
1.209411527432963210e-10
1.211781441017943228e-10
1.214172567762960528e-10
1.216584669758204995e-10
1.219017510822929646e-10
1.221470864192946706e-10
1.223944504844528274e-10
1.226438216459433028e-10
1.228951783782797546e-10
1.231484998958367088e-10
1.234037654115867493e-10
1.236609548313225748e-10
1.239200480080318192e-10
1.241810254322676777e-10
1.244438675082457486e-10
1.247085550614115182e-10
1.249750687864608251e-10
1.252433899796166710e-10
1.255134998483988019e-10
1.257853801120843508e-10
1.260590122964810999e-10
1.263343784037389200e-10
1.266114602374278797e-10
1.268902400644564178e-10
1.271706999511023318e-10
1.274528224167104547e-10
1.277365897527282361e-10
1.280219846327069568e-10
1.283089894807774040e-10
1.285975870315578809e-10
1.288877597072999234e-10
1.291794901986713507e-10
1.294727608367090709e-10
1.297675541840243489e-10
1.300638522922852147e-10
1.303616368946493831e-10
1.306608891844824800e-10
1.309615905321585364e-10
1.312637218566700313e-10
1.315672642094043797e-10
1.318721981379280454e-10
1.321785042751626568e-10
1.324861627425377478e-10
1.327951536900572892e-10
1.331054567334712664e-10
1.334170514840357992e-10
1.337299169718333212e-10
1.340440321901732021e-10
1.343593755234062580e-10
1.346759252882203703e-10
1.349936591512688091e-10
1.353125546751480052e-10
1.356325887531184752e-10
1.359537381383251284e-10
1.362759791646902953e-10
1.365992891712880330e-10
1.369236450646908307e-10
1.372490235655232765e-10
1.375754006307078580e-10
1.379027519983142017e-10
1.382310526203124190e-10
1.385602771993454701e-10
1.388903996231649953e-10
1.392213934943591242e-10
1.395532315918115485e-10
1.398858863617221636e-10
1.402193294159220011e-10
1.405535320029248512e-10
1.408884644968737030e-10
1.412240968910901026e-10
1.415603982872992757e-10
1.418973373835591813e-10
1.422348819591013699e-10
1.425729993643484620e-10
1.429116570151257415e-10
1.432508259587668251e-10
1.435904773344286590e-10
1.439305818570148267e-10
1.442711093087371990e-10
1.446120290447918887e-10
1.449533094610300626e-10
1.452949184992182390e-10
1.456368231318235950e-10
1.459789898657361996e-10
1.463213842262792270e-10
1.466639712481409607e-10
1.470067149789593317e-10
1.473495789557564707e-10
1.476925257232236677e-10
1.480355173006902892e-10
1.483785147006251493e-10
1.487214784096699530e-10
1.490643678928799440e-10
1.494071420793038690e-10
1.497497608928446558e-10
1.500921918424126785e-10
1.504344035173711839e-10
1.507763640707683418e-10
1.511180407220374492e-10
1.514594002500466719e-10
1.518004085123723813e-10
1.521410308982720469e-10
1.524812318921938223e-10
1.528209755117562459e-10
1.531602248672180066e-10
1.534989426177175012e-10
1.538370905128659344e-10
1.541746298494915340e-10
1.545115210190511947e-10
1.548477239683643143e-10
1.551831977551814207e-10
1.555179009915579430e-10
1.558517914066894390e-10
1.561848263050659203e-10
1.565169648878601507e-10
1.568481770723325575e-10
1.571784348282406262e-10
1.575077098789200326e-10
1.578359732548956958e-10
1.581631957541869277e-10
1.584893474978752848e-10
1.588143983890425434e-10
1.591383176846117013e-10
1.594610744345840443e-10
1.597826370639295132e-10
1.601029738120764226e-10
1.604220523189500090e-10
1.607398400638954018e-10
1.610563039387768180e-10
1.613714107013986309e-10
1.616851265523098943e-10
1.619974175741720528e-10
1.623082493283614128e-10
1.626175872768475148e-10
1.629253985089592348e-10
1.632316585959147965e-10
1.635363448758658471e-10
1.638394347653523218e-10
1.641409053619242566e-10
1.644407338786703886e-10
1.647388972320320146e-10
1.650353724868907064e-10
1.653301364402466800e-10
1.656231660758044836e-10
1.659144381418915008e-10
1.662039295953896301e-10
1.664916171996412893e-10
1.667774779506097916e-10
1.670614886897334859e-10
1.673436265176965440e-10
1.676238684175558057e-10
1.679021916618521670e-10
1.681785734354820076e-10
1.684529912543058986e-10
1.687254243788660559e-10
1.689958597145354979e-10
1.692642860487209102e-10
1.695306926628656756e-10
1.697950689494335069e-10
1.700574048322391381e-10
1.703176903768617914e-10
1.705759162116336057e-10
1.708320731429916308e-10
1.710861525703566736e-10
1.713381461014102774e-10
1.715880459670486611e-10
1.718358446389759589e-10
1.720815352411781070e-10
1.723251111644506559e-10
1.725665664819472713e-10
1.728058955632890698e-10
1.730430934938902597e-10
1.732781556803534652e-10
1.735110782681497426e-10
1.737418588127540776e-10
1.739704998640116098e-10
1.741970054501468295e-10
1.744213804566451594e-10
1.746436302292204258e-10
1.748637609918672869e-10
1.750817794588895122e-10
1.752976932412836581e-10
1.755115104610473148e-10
1.757232401624066490e-10
1.759328919263596990e-10
1.761404762695050487e-10
1.763460042766330404e-10
1.765494879847513540e-10
1.767509400155733392e-10
1.769503739593764780e-10
1.771478040148439912e-10
1.773432453628926497e-10
1.775367138127676342e-10
1.777282261748516222e-10
1.779177980311411786e-10
1.781054384577339977e-10
1.782911552492561048e-10
1.784749571256435560e-10
1.786568533417161621e-10
1.788368541377152899e-10
1.790149702888263933e-10
1.791912135538350046e-10
1.793655962473766735e-10
1.795381316564352521e-10
1.797088336856660467e-10
1.798777171653558833e-10
1.800447975668843765e-10
1.802100913156301996e-10
1.803736154584206966e-10
1.805353880140463324e-10
1.806954276024414145e-10
1.808537538302218610e-10
1.810103869083734111e-10
1.811653480189235492e-10
1.813186574816420359e-10
1.814703307209767654e-10
1.816203821809900030e-10
1.817688272491013162e-10
1.819156817941016711e-10
1.820609626294958091e-10
1.822046870510153815e-10
1.823468732627676414e-10
1.824875399952425835e-10
1.826267068530746926e-10
1.827643939305529022e-10
1.829006222214184076e-10
1.830354132155064802e-10
1.831687892625505302e-10
1.833007731998790993e-10
1.834313887486603185e-10
1.835606600606819474e-10
1.836886121712898870e-10
1.838152705680362113e-10
1.839406615673102948e-10
1.840648095114782002e-10
1.841877299018922507e-10
1.843094361007957240e-10
1.844299422087401734e-10
1.845492625861269980e-10
1.846674123250565443e-10
1.847844067621196306e-10
1.849002619522099361e-10
1.850149941592746255e-10
1.851286203631772568e-10
1.852411577328976492e-10
1.853526241237399134e-10
1.854630375734213112e-10
1.855724167339995283e-10
1.856807805172346250e-10
1.857881483775922100e-10
1.858945399816062699e-10
1.859999755560465719e-10
1.861044755526818255e-10
1.862080609381647154e-10
1.863107507823965186e-10
1.864125562748696179e-10
1.865134865357444295e-10
1.866135511948399929e-10
1.867127597929816222e-10
1.868111223666717565e-10
1.869086489065431370e-10
1.870053497960445319e-10
1.871012353698516072e-10
1.871963163185475155e-10
1.872906032885971371e-10
1.873841072515293675e-10
1.874768391098906593e-10
1.875688100805415709e-10
1.876600312911024091e-10
1.877505141552877511e-10
1.878402699721076847e-10
1.879293102993451283e-10
1.880176466056999650e-10
1.881052905526248065e-10
1.881922519993608797e-10
1.882785342944924170e-10
1.883641389199204391e-10
1.884490674711820492e-10
1.885333212482873776e-10
1.886169016735724021e-10
1.886998098599398257e-10
1.887820470072700569e-10
1.888636139629094668e-10
1.889445116941620816e-10
1.890247407858288519e-10
1.891043018370063999e-10
1.891831951362447917e-10
1.892614209591925055e-10
1.893389792066347327e-10
1.894158697784316442e-10
1.894920921875329364e-10
1.895676459009145637e-10
1.896425299927254673e-10
1.897167434503164330e-10
1.897902839645518539e-10
1.898631455796597167e-10
1.899353209839233045e-10
1.900068027019753761e-10
1.900775827302813325e-10
1.901476529509002580e-10
1.902170046515390128e-10
1.902856289937367693e-10
1.903535165460735252e-10
1.904206577205532427e-10
1.904870423434894810e-10
1.905526600139685356e-10
1.906174998141118768e-10
1.906815504823277848e-10
1.907448002516015725e-10
1.908072370555822326e-10
1.908688482376567607e-10
1.909296207758587024e-10
1.909895411285187071e-10
1.910485953731517196e-10
1.911067694836765592e-10
1.911640511808917932e-10
1.912204280082577196e-10
1.912758872652194835e-10
1.913304155755838974e-10
1.913839992386182427e-10
1.914366239233537834e-10
1.914882749895714452e-10
1.915389370695324844e-10
1.915885945009682737e-10
1.916372309310872030e-10
1.916848296325226222e-10
1.917313731897109566e-10
1.917768438210602279e-10
1.918212230484009530e-10
1.918644920395832601e-10
1.919066312597997364e-10
1.919476207574662340e-10
1.919874399349846343e-10
1.920260677324169333e-10
1.920634825100503842e-10
1.920996624040892966e-10
1.921345848949295704e-10
1.921682271164360736e-10
1.922005654078384824e-10
1.922315757662478805e-10
1.922612333925031181e-10
1.922895131490646276e-10
1.923163891044154393e-10
1.923418349496309153e-10
1.923658236445612116e-10
1.923883277009216423e-10
1.924093189090783869e-10
1.924287686429532869e-10
1.924466475123271353e-10
1.924629257345102523e-10
1.924775727498356173e-10
1.924905576075921071e-10
1.925018486353488091e-10
1.925114137079229827e-10
1.925192217770294604e-10
1.925252485299720624e-10
1.925294707888328271e-10
1.925318650479268871e-10
1.925324071153817756e-10
1.925310724917223278e-10
1.925278360432693762e-10
1.925226723027510146e-10
1.925155551589167736e-10
1.925064581881264623e-10
1.924953543536887305e-10
1.924822163016800882e-10
1.924670160753568179e-10
1.924497254152505689e-10
1.924303154595701833e-10
1.924087570576041705e-10
1.923850204976968824e-10
1.923590757437737532e-10
1.923308921917749177e-10
1.923004389873522783e-10
1.922676864853669337e-10
1.922326119858356697e-10
1.921951941073368148e-10
1.921554112616315724e-10
1.921132414536226163e-10
1.920686625100889949e-10
1.920216518113094492e-10
1.919721866349222724e-10
1.919202438361393011e-10
1.918658001279553647e-10
1.918088318372361158e-10
1.917493152075703076e-10
1.916872260840279799e-10
1.916225402229542030e-10
1.915552330104233190e-10
1.914852797507002665e-10
1.914126554167837945e-10
1.913373349166382902e-10
1.912592928581407669e-10
1.911785037876840835e-10
1.910949442423431304e-10
1.910085998278110991e-10
1.909194582219731246e-10
1.908275072358460631e-10
1.907327345121678610e-10
1.906351278139995784e-10
1.905346747757801104e-10
1.904313631766313144e-10
1.903251806790787446e-10
1.902161151193176011e-10
1.901041542471022704e-10
1.899892860015698816e-10
1.898714982365041572e-10
1.897507790650013336e-10
1.896271165084412310e-10
1.895004988583055141e-10
1.893709143726708046e-10
1.892383515698947897e-10
1.891027989788117866e-10
1.889642454075992187e-10
1.888226818999224010e-10
1.886781086407968985e-10
1.885305281848508416e-10
1.883799434828762461e-10
1.882263576697789111e-10
1.880697742964994156e-10
1.879101971052680172e-10
1.877476302999061570e-10
1.875820782946236760e-10
1.874135459728572514e-10
1.872420384437084869e-10
1.870675613165223554e-10
1.868901204453327727e-10
1.867097222059442446e-10
1.865263732333128005e-10
1.863400807127760221e-10
1.861508520975429204e-10
1.859586954315620713e-10
1.857636190453959970e-10
1.855656318422377329e-10
1.853647436065789601e-10
1.851609668742264959e-10
1.849543151034058562e-10
1.847448023682343322e-10
1.845324431176830921e-10
1.843172524682677267e-10
1.840992459194985829e-10
1.838784396252843845e-10
1.836548501538114968e-10
1.834284947575385739e-10
1.831993910976763192e-10
1.829675575273315900e-10
1.827330128435401309e-10
1.824957765374150122e-10
1.822558685503639148e-10
1.820133095368090342e-10
1.817681205991611778e-10
1.815203235619063454e-10
1.812699407322305168e-10
1.810169951159299729e-10
1.807615106410725588e-10
1.805035135801080731e-10
1.802430311282879980e-10
1.799800912215181822e-10
1.797147223195147622e-10
1.794469536266150376e-10
1.791768148628832316e-10
1.789043365048477596e-10
1.786295495389053508e-10
1.783524857205984325e-10
1.780731773072710800e-10
1.777916573288924989e-10
1.775079593143721186e-10
1.772221175584644608e-10
1.769341668749994496e-10
1.766441428226537602e-10
1.763520814704260377e-10
1.760580196366609207e-10
1.757619946653603516e-10
1.754640446231058391e-10
1.751642067670222520e-10
1.748625137092332400e-10
1.745589972016883456e-10
1.742536896749347600e-10
1.739466240196594923e-10
1.736378338041120611e-10
1.733273530391201381e-10
1.730152164032046579e-10
1.727014590304066465e-10
1.723861166856691050e-10
1.720692255896713048e-10
1.717508225907311097e-10
1.714309449722064138e-10
1.711096306632646386e-10
1.707869179825233574e-10
1.704628458929069166e-10
1.701374537408926885e-10
1.698107814991870188e-10
1.694828695207559630e-10
1.691537587566366757e-10
1.688234883722757258e-10
1.684920894555054497e-10
1.681595912269820506e-10
1.678260234280578910e-10
1.674914160732115828e-10
1.671557996890419472e-10
1.668192050661653746e-10
1.664816634662785966e-10
1.661432064387188482e-10
1.658038659673803984e-10
1.654636743104982996e-10
1.651226641508671267e-10
1.647808684233334943e-10
1.644383204861758857e-10
1.640950539200268684e-10
1.637511027200899649e-10
1.634065011004052998e-10
1.630612836485549152e-10
1.627154851573278713e-10
1.623691407963630151e-10
1.620222833113465233e-10
1.616749354460810121e-10
1.613271174445013317e-10
1.609788498412621450e-10
1.606301532402048971e-10
1.602810485304679012e-10
1.599315566516891570e-10
1.595816988197720899e-10
1.592314962650809486e-10
1.588809704994390419e-10
1.585301430376300029e-10
1.581790356272913920e-10
1.578276700364801628e-10
1.574760682390653950e-10
1.571242522114002694e-10
1.567722441223708460e-10
1.564200661361833588e-10
1.560677405714189500e-10
1.557152897542279556e-10
1.553627361447762234e-10
1.550101002849725317e-10
1.546573952600851147e-10
1.543046321730106264e-10
1.539518222099542599e-10
1.535989764592899106e-10
1.532461060814955934e-10
1.528932221311429335e-10
1.525403357144927801e-10
1.521874578221747923e-10
1.518345994841306205e-10
1.514817716026050809e-10
1.511289851109330124e-10
1.507762507768252579e-10
1.504235794232542967e-10
1.500709816815712817e-10
1.497184682091334590e-10
1.493660494832271886e-10
1.490137359853708416e-10
1.486615380138433873e-10
1.483094658538065719e-10
1.479575271664147024e-10
1.476057198421137933e-10
1.472540390821362890e-10
1.469024800230749414e-10
1.465510375410745533e-10
1.461997064212758948e-10
1.458484812110713291e-10
1.454973563289679594e-10
1.451463259487883400e-10
1.447953841238788056e-10
1.444445246400005694e-10
1.440937411590463054e-10
1.437430270749820440e-10
1.433923756401147927e-10
1.430417798415685701e-10
1.426912325143761772e-10
1.423407262235331161e-10
1.419902533906509106e-10
1.416398061305712022e-10
1.412893764327357497e-10
1.409389562805208289e-10
1.405885387413298102e-10
1.402381168986553473e-10
1.398876836798979069e-10
1.395372316980526796e-10
1.391867534218590033e-10
1.388362409924806991e-10
1.384856864068804327e-10
1.381350813324617482e-10
1.377844172743909296e-10
1.374336854226299543e-10
1.370828767969421069e-10
1.367319820837453125e-10
1.363809918137831384e-10
1.360298961901169034e-10
1.356786852399704211e-10
1.353273486787350967e-10
1.349758760216379910e-10
1.346242564757831964e-10
1.342724790714997425e-10
1.339205337058728749e-10
1.335684149495260659e-10
1.332161182610947278e-10
1.328636389381187292e-10
1.325109719551309144e-10
1.321581121219316775e-10
1.318050539344318061e-10
1.314517917166548093e-10
1.310983194806213111e-10
1.307446310647782168e-10
1.303907199998193164e-10
1.300365796454341882e-10
1.296822030386685193e-10
1.293275830620918618e-10
1.289727122839745261e-10
1.286175830977915650e-10
1.282621875909771278e-10
1.279065176781562445e-10
1.275505649733497639e-10
1.271943209108431218e-10
1.268377771811433528e-10
1.264809275473380291e-10
1.261237660258793431e-10
1.257662864890754071e-10
1.254084825051844024e-10
1.250503474988369784e-10
1.246918745905281884e-10
1.243330567763445787e-10
1.239738867471655387e-10
1.236143570673081532e-10
1.232544600141048030e-10
1.228941877221982824e-10
1.225335320650484356e-10
1.221724847685175216e-10
1.218110372914055078e-10
1.214491809592783285e-10
1.210869068349651346e-10
1.207242058582579321e-10
1.203610687000213240e-10
1.199974859112892563e-10
1.196334476157353707e-10
1.192689431111664401e-10
1.189039612706468305e-10
1.185384908533250574e-10
1.181725203734108851e-10
1.178060382446827705e-10
1.174390326341695913e-10
1.170714916204848541e-10
1.167034030433894244e-10
1.163347546553667514e-10
1.159655339821117879e-10
1.155957284693190501e-10
1.152253253348501518e-10
1.148543117148662973e-10
1.144826745412699321e-10
1.141104006609076989e-10
1.137374767283489985e-10
1.133638893239342541e-10
1.129896248258586019e-10
1.126146695604358546e-10
1.122390110867363974e-10
1.118626425960584286e-10
1.114855585390793848e-10
1.111077533361291134e-10
1.107292212657318990e-10
1.103499565703238290e-10
1.099699533600314744e-10
1.095892057250773471e-10
1.092077076206714357e-10
1.088254529961661013e-10
1.084424356710619616e-10
1.080586494673286134e-10
1.076740880842294844e-10
1.072887452243715953e-10
1.069026144915544415e-10
1.065156894878503912e-10
1.061279637248802456e-10
1.057394307297010047e-10
1.053500839452071039e-10
1.049599168356599847e-10
1.045689241244237773e-10
1.041771059154655849e-10
1.037844635913816382e-10
1.033909985866340077e-10
1.029967122968020795e-10
1.026016061728225186e-10
1.022056816302068815e-10
1.018089401445115975e-10
1.014113831683332116e-10
1.010130122180163387e-10
1.006138287949266450e-10
1.002138344686398469e-10
9.981303080108300611e-11
9.941141943762917728e-11
9.900900202012334766e-11
9.860578027359473371e-11
9.820175593523529930e-11
9.779693083239979848e-11
9.739130680982835720e-11
9.698488581223309042e-11
9.657767041011487138e-11
9.616966571955876318e-11
9.576087749775568448e-11
9.535131161989664709e-11
9.494097399797439361e-11
9.452987066962866973e-11
9.411800771442856699e-11
9.370539133504400181e-11
9.329202778959442596e-11
9.287792345860576263e-11
9.246308478216188260e-11
9.204751833051452496e-11
9.163123074527155687e-11
9.121422879476746152e-11
9.079651932760046091e-11
9.037810932592582403e-11
8.995900585325096039e-11
8.953921611551279495e-11
8.911874739842482094e-11
8.869760713656588701e-11
8.827580447555045003e-11
8.785335524248147315e-11
8.743027699236723009e-11
8.700658744209009638e-11
8.658230441089660415e-11
8.615744588396968426e-11
8.573202995011320877e-11
8.530607486433815629e-11
8.487959898295150037e-11
8.445262084077994334e-11
8.402515907113449217e-11
8.359723248220445256e-11
8.316885998795244708e-11
8.274006066938099475e-11
8.231085371697234678e-11
8.188125849110484094e-11
8.145129445260597084e-11
8.102098123353514871e-11
8.059033856947403494e-11
8.015938636526596769e-11
7.972814395647275478e-11
7.929662815765733421e-11
7.886485522003616036e-11
7.843284154422416102e-11
7.800060363935314503e-11
7.756815816706801395e-11
7.713552189210361226e-11
7.670271173103842959e-11
7.626974469713945111e-11
7.583663795792754338e-11
7.540340877138312712e-11
7.497007455089950081e-11
7.453665279321582839e-11
7.410316114943268872e-11
7.366961735536486380e-11
7.323603929204525792e-11
7.280244492666292237e-11
7.236885236868044868e-11
7.193527980615047065e-11
7.150174556726338197e-11
7.106826834805772531e-11
7.063486814108389777e-11
7.020156531087010588e-11
6.976838034337826312e-11
6.933533379907945556e-11
6.890244636192499863e-11
6.846973877892152669e-11
6.803723192035483396e-11
6.760494671265574093e-11
6.717290419929233595e-11
6.674112548274365594e-11
6.630963176570374994e-11
6.587844431064937504e-11
6.544758447203121633e-11
6.501707365535570471e-11
6.458693335810689552e-11
6.415718511444128909e-11
6.372785055074888041e-11
6.329895131966374009e-11
6.287050916472583436e-11
6.244254540689894046e-11
6.201507966729808270e-11
6.158813114171581795e-11
6.116171909625545587e-11
6.073586280962618964e-11
6.031058162105007546e-11
5.988589487895459116e-11
5.946182198668377419e-11
5.903838234844549706e-11
5.861559541773577070e-11
5.819348064357100295e-11
5.777205751718642194e-11
5.735134552298825295e-11
5.693136417873459188e-11
5.651213298897844918e-11
5.609367148645401929e-11
5.567599918367967420e-11
5.525913561473726652e-11
5.484310028579176844e-11
5.442791271948950615e-11
5.401359202012394904e-11
5.360015575235236803e-11
5.318762106288328080e-11
5.277600509430749994e-11
5.236532495048106378e-11
5.195559772939765885e-11
5.154684048085336748e-11
5.113907024744383930e-11
5.073230401405492398e-11
5.032655875596869101e-11
4.992185138550627356e-11
4.951819879723136963e-11
4.911561782204487166e-11
4.871412526230155283e-11
4.831373785229499004e-11
4.791447229581226811e-11
4.751634522055712291e-11
4.711937321828249576e-11
4.672357280518344552e-11
4.632896045315788072e-11
4.593555125434901921e-11
4.554335504545788814e-11
4.515238028601613176e-11
4.476263538652087075e-11
4.437412867499599063e-11
4.398686843041270062e-11
4.360086284492235393e-11
4.321612005617776757e-11
4.283264811246071596e-11
4.245045500269097079e-11
4.206954862591723689e-11
4.168993681725543605e-11
4.131162732036023955e-11
4.093462781435005566e-11
4.055894588190739735e-11
4.018458904150731240e-11
3.981156471158840410e-11
3.943988024590338348e-11
3.906954289366541049e-11
3.870055983741421873e-11
3.833293761865726659e-11
3.796668055398497880e-11
3.760179232048708150e-11
3.723827652459298023e-11
3.687613667191652243e-11
3.651537619585062302e-11
3.615599842848495122e-11
3.579800662796058657e-11
3.544140394951121409e-11
3.508619347376499910e-11
3.473237817889460506e-11
3.437996096566203178e-11
3.402894463308745960e-11
3.367933190351105124e-11
3.333112539665449360e-11
3.298432765491731180e-11
3.263894111795170882e-11
3.229496814932118139e-11
3.195241100993030904e-11
3.161127188244219520e-11
3.127155256012508352e-11
3.093325360105617489e-11
3.059637517692984001e-11
3.026091738170768954e-11
2.992688021309582240e-11
2.959426359302574018e-11
2.926306734724574636e-11
2.893329122849748735e-11
2.860493489151653800e-11
2.827799791924401371e-11
2.795247979971483387e-11
2.762837994774510184e-11
2.730569768601839728e-11
2.698443226472861769e-11
2.666458284186784431e-11
2.634614850490469102e-11
2.602912825180161753e-11
2.571352100853744848e-11
2.539932561462923446e-11
2.508654083933966052e-11
2.477516454590326142e-11
2.446519124020649032e-11
2.415661453071166616e-11
2.384942796620199768e-11
2.354362502006359762e-11
2.323919910872646956e-11
2.293614357599551964e-11
2.263445171073873470e-11
2.233411673094406120e-11
2.203513180073583518e-11
2.173749001658723240e-11
2.144118442271896571e-11
2.114620799820587542e-11
2.085255367185480015e-11
2.056021430898983661e-11
2.026918272722557531e-11
1.997945168317118353e-11
1.969101388766992215e-11
1.940386199345034718e-11
1.911798860850859284e-11
1.883338702215211801e-11
1.855005342382575337e-11
1.826798468071360725e-11
1.798717761289849864e-11
1.770762898325475356e-11
1.742933550960665183e-11
1.715229385494323257e-11
1.687650063983600066e-11
1.660195243309582157e-11
1.632864576157662074e-11
1.605657710303925440e-11
1.578574289640711132e-11
1.551613953299769783e-11
1.524776336710872399e-11
1.498061070871468371e-11
1.471467783316292365e-11
1.444996097348559074e-11
1.418645633087080334e-11
1.392416006687566341e-11
1.366306831279994799e-11
1.340317642534974008e-11
1.314447678655064294e-11
1.288696101233532808e-11
1.263062069979249132e-11
1.237544741911969568e-11
1.212143272403879829e-11
1.186856814346223821e-11
1.161684519186635947e-11
1.136625536226621467e-11
1.111679013439197226e-11
1.086844096975228808e-11
1.062119931846422427e-11
1.037505661525463552e-11
1.013000428506729686e-11
9.886033739507153120e-12
9.643136382723182191e-12
9.401303606878098069e-12
9.160526798731934660e-12
8.920797335127764136e-12
8.682106588781394149e-12
8.444446765749145836e-12
8.207813431450863628e-12
7.972202978225818999e-12
7.737611790223226006e-12
7.504036239264292893e-12
7.271472690275531289e-12
7.039917497838098772e-12
6.809367011145878262e-12
6.579817571013042299e-12
6.351265514320971972e-12
6.123707171030907874e-12
5.897138868865806099e-12
5.671556930037892994e-12
5.446957676259771351e-12
5.223337425311099845e-12
5.000692495706980684e-12
4.779019203876914256e-12
4.558313868160530621e-12
4.338572806659770619e-12
4.119792340471614336e-12
3.901967186871151464e-12
3.685085652802267302e-12
3.469134457356020177e-12
3.254100340845394492e-12
3.039970063150476231e-12
2.826730406337853250e-12
2.614368173420168690e-12
2.402870190405246473e-12
2.192223305556816803e-12
1.982414391110890902e-12
1.773430342515559804e-12
1.565258080196621679e-12
1.357884548877317865e-12
1.151296718958520475e-12
9.454815862489553947e-13
7.404261729971595783e-13
5.361175278198441948e-13
3.325427265914017668e-13
1.296888724989550293e-13
-7.245690331301123221e-14
-2.739057104462147343e-13
-4.746617114532797742e-13
-6.747273247713033059e-13
-8.741049571940606826e-13
-1.072797003252343425e-12
-1.270805845432219136e-12
-1.468133853359279954e-12
-1.664783384145231335e-12
-1.860756781531159215e-12
-2.056056376248673920e-12
-2.250684485215946750e-12
-2.444643411900896188e-12
-2.637935445451448685e-12
-2.830562861437083458e-12
-3.022527920555765424e-12
-3.213832869837931215e-12
-3.404479941109822669e-12
-3.594471352367157564e-12
-3.783809306213221576e-12
-3.972495991305685527e-12
-4.160534385689089545e-12
-4.347930671571566601e-12
-4.534691812719416699e-12
-4.720824750689568524e-12
-4.906336402685592730e-12
-5.091233663769072371e-12
-5.275523404533617060e-12
-5.459212473472759567e-12
-5.642307694449532769e-12
-5.824815869557488677e-12
-6.006743776215145756e-12
-6.188098170374297784e-12
-6.368885783219147195e-12
-6.549113324758286002e-12
-6.728787480287692496e-12
-6.907914913789065468e-12
-7.086502264831912457e-12
-7.264556151535459763e-12
-7.442083167938146203e-12
-7.619089886694552606e-12
-7.795582318994119371e-12
-7.971564306143671622e-12
-8.147039133374006439e-12
-8.322010071182394706e-12
-8.496480372253995814e-12
-8.670453274948194531e-12
-8.843932000002488210e-12
-9.016919754592599425e-12
-9.189419728272542667e-12
-9.361435097558373002e-12
-9.532969022149285762e-12
-9.704024648684654732e-12
-9.874605107470127218e-12
-1.004471351631675829e-11
-1.021435297712509898e-11
-1.038352658010939117e-11
-1.055223739955552208e-11
-1.072048849881977365e-11
-1.088828292584049204e-11
-1.105562371805326757e-11
-1.122251368759634243e-11
-1.138895479650999878e-11
-1.155494878428295471e-11
-1.172049738342766958e-11
-1.188560231472941925e-11
-1.205026529339018816e-11
-1.221448802338936066e-11
-1.237827220321114541e-11
-1.254161952120410670e-11
-1.270453166085670912e-11
-1.286701029618082259e-11
-1.302905709687486253e-11
-1.319067372405563005e-11
-1.335186183526750281e-11
-1.351262307994107614e-11
-1.367295910465033692e-11
-1.383287154871941687e-11
-1.399236204934179358e-11
-1.415143223662617667e-11
-1.431008373981395263e-11
-1.446831794125902527e-11
-1.462613526288111722e-11
-1.478353588275916687e-11
-1.494051998309959365e-11
-1.509708774318919735e-11
-1.525323934726198993e-11
-1.540897497756799066e-11
-1.556429482223754560e-11
-1.571919906797747467e-11
-1.587368790821348220e-11
-1.602776153581285128e-11
-1.618142015097536228e-11
-1.633466395395577080e-11
-1.648749315332179725e-11
-1.663990795848151939e-11
-1.679190858775049969e-11
-1.694349526098892797e-11
-1.709466820778874484e-11
-1.724542766001893175e-11
-1.739577385979564821e-11
-1.754570672005376942e-11
-1.769522483642271132e-11
-1.784432647868782375e-11
-1.799300993386415372e-11
-1.814127349685484919e-11
-1.828911547995763565e-11
-1.843653420423271470e-11
-1.858352800914822957e-11
-1.873009524369415462e-11
-1.887623427529236501e-11
-1.902194348173476643e-11
-1.916722126095262125e-11
-1.931206602070464359e-11
-1.945647618964829804e-11
-1.960045020713805197e-11
-1.974398653387397521e-11
-1.988708364196873238e-11
-2.002974002513004694e-11
-2.017195418945226488e-11
-2.031372466281065142e-11
-2.045504994344582809e-11
-2.059592838216117856e-11
-2.073635830076791657e-11
-2.087633804497748611e-11
-2.101586597403060359e-11
-2.115494047184845055e-11
-2.129355993679748330e-11
-2.143172279107349000e-11
-2.156942747272710747e-11
-2.170667244351702551e-11
-2.184345618119672472e-11
-2.197977718835217765e-11
-2.211563398211337625e-11
-2.225102510663046446e-11
-2.238594911993728937e-11
-2.252040460698132145e-11
-2.265439016710536810e-11
-2.278790442705135702e-11
-2.292094602799007305e-11
-2.305351363783652040e-11
-2.318560505265634894e-11
-2.331721455160611612e-11
-2.344833555302276765e-11
-2.357896151551658915e-11
-2.370908592521284671e-11
-2.383870230858770421e-11
-2.396780421973223652e-11
-2.409638525294177269e-11
-2.422443903006971966e-11
-2.435195921311160951e-11
-2.447893949224690479e-11
-2.460537359752213953e-11
-2.473125528689922563e-11
-2.485657835849168042e-11
-2.498133663781881707e-11
-2.510552399086283586e-11
-2.522913431095911319e-11
-2.535216153070679150e-11
-2.547459961148773197e-11
-2.559644255318169912e-11
-2.571768516687936607e-11
-2.583832543405207010e-11
-2.595836213547625587e-11
-2.607779407942794874e-11
-2.619662008871538031e-11
-2.631483901397976514e-11
-2.643244971854097388e-11
-2.654945109411460465e-11
-2.666584204436499906e-11
-2.678162150113712696e-11
-2.689678840790425321e-11
-2.701134173528453091e-11
-2.712528046530702446e-11
-2.723860360709655972e-11
-2.735131018057724812e-11
-2.746339923113180733e-11
-2.757486981646479573e-11
-2.768572101756234845e-11
-2.779595192754009275e-11
-2.790556166299091578e-11
-2.801454876848753445e-11
-2.812290948398017552e-11
-2.823063948588116742e-11
-2.833773448168131958e-11
-2.844419019828673720e-11
-2.855000239289200377e-11
-2.865516684188063862e-11
-2.875967935151856156e-11
-2.886353574637300526e-11
-2.896673188043463072e-11
-2.906926362462297381e-11
-2.917112688002768104e-11
-2.927231756307849573e-11
-2.937283162001977806e-11
-2.947266501214074615e-11
-2.957181372879621649e-11
-2.967027377498122679e-11
-2.976804118262699493e-11
-2.986511199846944294e-11
-2.996148229614047078e-11
-3.005714862680573713e-11
-3.015210942101631687e-11
-3.024636357944822596e-11
-3.033991002113191375e-11
-3.043274767011719386e-11
-3.052487546759310097e-11
-3.061629236027514744e-11
-3.070699731030430357e-11
-3.079698928450791204e-11
-3.088626726537976736e-11
-3.097483023861737332e-11
-3.106267720490876912e-11
-3.114980716760815866e-11
-3.123621914509215353e-11
-3.132191215714904597e-11
-3.140688523732678014e-11
-3.149113742104051822e-11
-3.157466775607987637e-11
-3.165747529177724011e-11
-3.173955908981525389e-11
-3.182091817254654741e-11
-3.190155142013698653e-11
-3.198145767299096367e-11
-3.206063578321979692e-11
-3.213908460279623220e-11
-3.221680299497802729e-11
-3.229378982139935243e-11
-3.237004395565822712e-11
-3.244556426800429544e-11
-3.252034963989256484e-11
-3.259439894962033898e-11
-3.266771108653335320e-11
-3.274028493600960950e-11
-3.281211939312494306e-11
-3.288321334951503538e-11
-3.295356570477824117e-11
-3.302317535506916191e-11
-3.309204120462302309e-11
-3.316016215291439314e-11
-3.322753710689949526e-11
-3.329416555532582615e-11
-3.336004933574708294e-11
-3.342519085848603516e-11
-3.348959253007008272e-11
-3.355325674357867212e-11
-3.361618588693294509e-11
-3.367838233420519812e-11
-3.373984845424546509e-11
-3.380058660212593649e-11
-3.386059912717076995e-11
-3.391988836358839908e-11
-3.397845664098742242e-11
-3.403630627221835383e-11
-3.409343956580133268e-11
-3.414985881306317446e-11
-3.420556630105704020e-11
-3.426056429886512035e-11
-3.431485507091307613e-11
-3.436844086416884437e-11
-3.442132392066811656e-11
-3.447350634150672405e-11
-3.452498973166821123e-11
-3.457577555656002469e-11
-3.462586527858103235e-11
-3.467526034369083095e-11
-3.472396219475564610e-11
-3.477197225744742310e-11
-3.481929195530223002e-11
-3.486592269364784751e-11
-3.491186587523896876e-11
-3.495712288601477140e-11
-3.500169510757377048e-11
-3.504558390619472130e-11
-3.508879064218746970e-11
-3.513131666108342683e-11
-3.517316330306536356e-11
-3.521433189246293397e-11
-3.525482374854139176e-11
-3.529464017495922505e-11
-3.533378247031017263e-11
-3.537225272143944994e-11
-3.541005622226543108e-11
-3.544719904382528546e-11
-3.548368723916691056e-11
-3.551952683375878730e-11
-3.555472383504180943e-11
-3.558928422228470169e-11
-3.562321395832205522e-11
-3.565651897614716444e-11
-3.568920519348210920e-11
-3.572127849893975981e-11
-3.575274476460132967e-11
-3.578360983502905797e-11
-3.581387953755897963e-11
-3.584355967276602085e-11
-3.587265602399804403e-11
-3.590117434823689146e-11
-3.592912038574382176e-11
-3.595649984980327806e-11
-3.598331843771151722e-11
-3.600958155199713006e-11
-3.603529350892606038e-11
-3.606045833319642430e-11
-3.608508003783890371e-11
-3.610916261410024985e-11
-3.613271004240237299e-11
-3.615572628149262155e-11
-3.617821527884776896e-11
-3.620018096023935001e-11
-3.622162724186012216e-11
-3.624255801777131536e-11
-3.626297717244457072e-11
-3.628288856909940473e-11
-3.630229606157582950e-11
-3.632120348272764523e-11
-3.633961465629374217e-11
-3.635753338573045793e-11
-3.637496346449456986e-11
-3.639190866762701025e-11
-3.640837275960291367e-11
-3.642436028538469628e-11
-3.643987896885060789e-11
-3.645493730316791213e-11
-3.646954375906582304e-11
-3.648370677818203256e-11
-3.649743477981017789e-11
-3.651073615378783308e-11
-3.652361926945174078e-11
-3.653609246594538161e-11
-3.654816406249093531e-11
-3.655984234898394634e-11
-3.657113559504349408e-11
-3.658205204183462712e-11
-3.659259991083025450e-11
-3.660278739494789252e-11
-3.661262266910233096e-11
-3.662211387825344186e-11
-3.663126915026170370e-11
-3.664009658387122509e-11
-3.664860426035655774e-11
-3.665679946246111884e-11
-3.666468637493119626e-11
-3.667226839607434166e-11
-3.667954891764069055e-11
-3.668653131756582890e-11
-3.669321896780821311e-11
-3.669961522593685955e-11
-3.670572344522538426e-11
-3.671154696376488444e-11
-3.671708911523999509e-11
-3.672235322024504350e-11
-3.672734259395167755e-11
-3.673206053829567303e-11
-3.673651035145107911e-11
-3.674069531784762175e-11
-3.674461871868886746e-11
-3.674828382184282244e-11
-3.675169389166759109e-11
-3.675485217970994327e-11
-3.675776193526376425e-11
-3.676042710087410559e-11
-3.676285444054053291e-11
-3.676505140278274457e-11
-3.676702542264109787e-11
-3.676878391196733749e-11
-3.677033427055049142e-11
-3.677168387438517509e-11
-3.677284008857500148e-11
-3.677381025459328238e-11
-3.677460170248149964e-11
-3.677522173964410978e-11
-3.677567766274334310e-11
-3.677597674521743589e-11
-3.677612625076295071e-11
-3.677613341994331030e-11
-3.677600548378824788e-11
-3.677574965047700703e-11
-3.677537311874934995e-11
-3.677488306550352861e-11
-3.677428665796355583e-11
-3.677359032021316719e-11
-3.677279758327456191e-11
-3.677191124629053690e-11
-3.677093410970744175e-11
-3.676986896513619323e-11
-3.676871860590359092e-11
-3.676748581639242770e-11
-3.676617338271039421e-11
-3.676478408322041179e-11
-3.676332069768624507e-11
-3.676178599840485441e-11
-3.676018275921253803e-11
-3.675851374647509340e-11
-3.675678172893187400e-11
-3.675498946714451895e-11
-3.675313972545149651e-11
-3.675123525949983623e-11
-3.674927882913841250e-11
-3.674727318650047563e-11
-3.674522108657989267e-11
-3.674312547031870318e-11
-3.674099005068724670e-11
-3.673881872378575988e-11
-3.673661538675241007e-11
-3.673438392579106444e-11
-3.673212822985541640e-11
-3.672985217640306138e-11
-3.672755964523886195e-11
-3.672525450613953748e-11
-3.672294063036051547e-11
-3.672062188000760418e-11
-3.671830211841916266e-11
-3.671598519975306013e-11
-3.671367497956295551e-11
-3.671137530526584868e-11
-3.670909002435793564e-11
-3.670682297712234572e-11
-3.670457800386380543e-11
-3.670235893753374166e-11
-3.670016961062126492e-11
-3.669801308759377072e-11
-3.669588938815855927e-11
-3.669379777489480967e-11
-3.669173752161049689e-11
-3.668970790692971283e-11
-3.668770822220888175e-11
-3.668573776243204141e-11
-3.668379583563456280e-11
-3.668188175348181504e-11
-3.667999484090991663e-11
-3.667813442522977635e-11
-3.667629984870241641e-11
-3.667449045509662187e-11
-3.667270560209787123e-11
-3.667094465043027155e-11
-3.666920697304639941e-11
-3.666749194648987443e-11
-3.666579895941578493e-11
-3.666412740396447363e-11
-3.666247668364474342e-11
-3.666084608780311828e-11
-3.665923444354592492e-11
-3.665764046453906843e-11
-3.665606287755300457e-11
-3.665450041458348904e-11
-3.665295182034200166e-11
-3.665141584436528987e-11
-3.664989124862441577e-11
-3.664837679916299416e-11
-3.664687127502112063e-11
-3.664537345919866257e-11
-3.664388214734051981e-11
-3.664239613777485625e-11
-3.664091424180513304e-11
-3.663943527345241629e-11
-3.663795805916646457e-11
-3.663648142826614469e-11
-3.663500422142500589e-11
-3.663352528213446571e-11
-3.663204346524478587e-11
-3.663055730592201444e-11
-3.662906406388126818e-11
-3.662756068266401121e-11
-3.662604412265011929e-11
-3.662451135065943762e-11
-3.662295934934972872e-11
-3.662138510745597998e-11
-3.661978562980735411e-11
-3.661815792655174636e-11
-3.661649902374626841e-11
-3.661480595262763014e-11
-3.661307575983176870e-11
-3.661130549723925649e-11
-3.660949223123267366e-11
-3.660763303361625871e-11
-3.660572498988114249e-11
-3.660376519136569863e-11
-3.660175074255194222e-11
-3.659967875323734449e-11
-3.659754634652160416e-11
-3.659535057562654114e-11
-3.659308820834612849e-11
-3.659075594392863483e-11
-3.658835049504615181e-11
-3.658586857996754620e-11
-3.658330693112972478e-11
-3.658066228497911323e-11
-3.657793139234001614e-11
-3.657511100854412931e-11
-3.657219790214948214e-11
-3.656918884611431720e-11
-3.656608062660392056e-11
-3.656287003413375347e-11
-3.655955387132239001e-11
-3.655612894633125108e-11
-3.655259207774447889e-11
-3.654894008957125381e-11
-3.654516981751980428e-11
-3.654127810069270731e-11
-3.653726179093866289e-11
-3.653311780974308142e-11
-3.652884335921101962e-11
-3.652443571097668527e-11
-3.651989214678285976e-11
-3.651520995074699845e-11
-3.651038641684570305e-11
-3.650541884092493234e-11
-3.650030452962322601e-11
-3.649504079038052604e-11
-3.648962494078917566e-11
-3.648405429971175086e-11
-3.647832619626632275e-11
-3.647243795986136097e-11
-3.646638693054588929e-11
-3.646017044865970486e-11
-3.645378586395180370e-11
-3.644723052742631207e-11
-3.644050179897896620e-11
-3.643359703920462505e-11
-3.642651361797764062e-11
-3.641924873562989813e-11
-3.641179892287491221e-11
-3.640416054345447878e-11
-3.639632997226218430e-11
-3.638830358722336140e-11
-3.638007777821715596e-11
-3.637164893675242120e-11
-3.636301346697821543e-11
-3.635416777387957286e-11
-3.634510827511809642e-11
-3.633583139004953248e-11
-3.632633354867873124e-11
-3.631661118382812685e-11
-3.630666073937107319e-11
-3.629647866128571752e-11
-3.628606140542468860e-11
-3.627540543089219108e-11
-3.626450720644896191e-11
-3.625336320375682852e-11
-3.624196990423988109e-11
-3.623032392695177072e-11
-3.621842243993811452e-11
-3.620626274661794890e-11
-3.619384215851918121e-11
-3.618115798708678748e-11
-3.616820755157772790e-11
-3.615498817143593135e-11
-3.614149717285338212e-11
-3.612773188318771709e-11
-3.611368963663548920e-11
-3.609936776743936667e-11
-3.608476361748510199e-11
-3.606987452867784761e-11
-3.605469785010895864e-11
-3.603923093130714901e-11
-3.602347112842037409e-11
-3.600741579806158752e-11
-3.599106230457784292e-11
-3.597440801110216418e-11
-3.595745028904469334e-11
-3.594018706383452190e-11
-3.592261848451984455e-11
-3.590474524745144779e-11
-3.588656804703153910e-11
-3.586808756935158417e-11
-3.584930449946221638e-11
-3.583021951347646015e-11
-3.581083328682374620e-11
-3.579114648643145209e-11
-3.577115977852918980e-11
-3.575087381999090652e-11
-3.573028926781479456e-11
-3.570940676976815004e-11
-3.568822697347011326e-11
-3.566675051776675343e-11
-3.564497804093410244e-11
-3.562291017268877924e-11
-3.560054754194761606e-11
-3.557789076972854882e-11
-3.555494047618018542e-11
-3.553169710902257562e-11
-3.550816045681571449e-11
-3.548433013842413422e-11
-3.546020577379072617e-11
-3.543578697849035754e-11
-3.541107336885795173e-11
-3.538606455710235184e-11
-3.536076015659330375e-11
-3.533515977627294628e-11
-3.530926302617680888e-11
-3.528306951239077576e-11
-3.525657884217273615e-11
-3.522979061821329512e-11
-3.520270444564939266e-11
-3.517531992406385163e-11
-3.514763665555900950e-11
-3.511965423772004148e-11
-3.509137226955494452e-11
-3.506279034569958138e-11
-3.503390806322920272e-11
-3.500472556843031215e-11
-3.497524522391957540e-11
-3.494546993328414365e-11
-3.491540259589091197e-11
-3.488504609724730614e-11
-3.485440331860305295e-11
-3.482347712743240105e-11
-3.479227038646315269e-11
-3.476078594573010765e-11
-3.472902664961276111e-11
-3.469699533042868640e-11
-3.466469481568038681e-11
-3.463212791977137256e-11
-3.459929745249026797e-11
-3.456620621135334857e-11
-3.453285698940550688e-11
-3.449925256710909390e-11
-3.446539572089432992e-11
-3.443128921490298224e-11
-3.439693580905424209e-11
-3.436233835717742581e-11
-3.432750012966981883e-11
-3.429242449071851571e-11
-3.425711479763290148e-11
-3.422157439529417280e-11
-3.418580662194462644e-11
-3.414981480388652367e-11
-3.411360226088378648e-11
-3.407717230066579598e-11
-3.404052822441989753e-11
-3.400367332190227217e-11
-3.396661087687111092e-11
-3.392934416060557715e-11
-3.389187643896110786e-11
-3.385421096603757879e-11
-3.381635098979999665e-11
-3.377829974693331292e-11
-3.374006046790305025e-11
-3.370163637135141224e-11
-3.366303067096978439e-11
-3.362424673951633228e-11
-3.358528863036592122e-11
-3.354616055448624477e-11
-3.350686671457856705e-11
-3.346741130023467071e-11
-3.342779849299023252e-11
-3.338803246004779567e-11
-3.334811736222311903e-11
-3.330805734520155498e-11
-3.326785654828259574e-11
-3.322751909620900909e-11
-3.318704910766856843e-11
-3.314645068635871207e-11
-3.310572792987081845e-11
-3.306488492163623932e-11
-3.302392573809176471e-11
-3.298285444267959083e-11
-3.294167509164769143e-11
-3.290039172694636559e-11
-3.285900838569335518e-11
-3.281752906190331286e-11
-3.277595763606011955e-11
-3.273429794720071822e-11
-3.269255382818299974e-11
-3.265072909949792322e-11
-3.260882757553550606e-11
-3.256685305782461288e-11
-3.252480934222590483e-11
-3.248270021176100443e-11
-3.244052944381300587e-11
-3.239830080277318828e-11
-3.235601804750247574e-11
-3.231368492471845780e-11
-3.227130517453934137e-11
-3.222888252516664633e-11
-3.218642069904682872e-11
-3.214392340650230661e-11
-3.210139435163808548e-11
-3.205883722732911478e-11
-3.201625572000834536e-11
-3.197365363972649562e-11
-3.193103532655755741e-11
-3.188840524214869356e-11
-3.184576784096297738e-11
-3.180312756411217968e-11
-3.176048884447167232e-11
-3.171785610294744615e-11
-3.167523375176914290e-11
-3.163262619155465610e-11
-3.159003781434321499e-11
-3.154747299994509466e-11
-3.150493612060551236e-11
-3.146243153660749690e-11
-3.141996360066941994e-11
-3.137753665352456862e-11
-3.133515502870480211e-11
-3.129282304714379915e-11
-3.125054502344408207e-11
-3.120832525979729747e-11
-3.116616805151872012e-11
-3.112407725998289831e-11
-3.108205505158193739e-11
-3.104010316452959546e-11
-3.099822333563588576e-11
-3.095641729666736558e-11
-3.091468677851420087e-11
-3.087303350678222405e-11
-3.083145920685715998e-11
-3.078996559857787357e-11
-3.074855440168551903e-11
-3.070722733085772907e-11
-3.066598610044496707e-11
-3.062483242011552460e-11
-3.058376799928799450e-11
-3.054279454295082292e-11
-3.050191375574575100e-11
-3.046112733801176545e-11
-3.042043698974045651e-11
-3.037984440693834255e-11
-3.033935128633266186e-11
-3.029895952983559537e-11
-3.025867188209372385e-11
-3.021849129129786443e-11
-3.017842070337026558e-11
-3.013846305722384760e-11
-3.009862128963424470e-11
-3.005889833032870450e-11
-3.001929710717038432e-11
-2.997982054084053628e-11
-2.994047155043192201e-11
-2.990125304774943481e-11
-2.986216794350700721e-11
-2.982321914096027192e-11
-2.978440954245904718e-11
-2.974574204289846381e-11
-2.970721953668968738e-11
-2.966884491056347914e-11
-2.963062105101007822e-11
-2.959255083701852033e-11
-2.955463714700018482e-11
-2.951688213537678788e-11
-2.947928509202459806e-11
-2.944184459160982537e-11
-2.940455921824603236e-11
-2.936742755866253345e-11
-2.933044820847342884e-11
-2.929361976641408780e-11
-2.925694083957793870e-11
-2.922041003808685386e-11
-2.918402598091976783e-11
-2.914778728954922868e-11
-2.911169259423494353e-11
-2.907574052766765481e-11
-2.903992973117075250e-11
-2.900425884823599977e-11
-2.896872653144723503e-11
-2.893333143520383536e-11
-2.889807222211540102e-11
-2.886294755768349786e-11
-2.882795611477461063e-11
-2.879309707932861362e-11
-2.875837168392788044e-11
-2.872378166849856554e-11
-2.868932877186042083e-11
-2.865501472896524354e-11
-2.862084127463441422e-11
-2.858681013807315773e-11
-2.855292304891394095e-11
-2.851918173156023438e-11
-2.848558791009037481e-11
-2.845214330317035616e-11
-2.841884962887492233e-11
-2.838570860026440317e-11
-2.835272192951029385e-11
-2.831989132297456099e-11
-2.828721848630595412e-11
-2.825470511946666626e-11
-2.822235292088363996e-11
-2.819016358359714656e-11
-2.815813879886367793e-11
-2.812627930035417384e-11
-2.809458201570079475e-11
-2.806304292626280350e-11
-2.803165802471916148e-11
-2.800042331079076399e-11
-2.796933479443417820e-11
-2.793838849264164644e-11
-2.790758043298598812e-11
-2.787690664904766742e-11
-2.784636318534890947e-11
-2.781594609207464988e-11
-2.778565143026021082e-11
-2.775547526592407020e-11
-2.772541367622626012e-11
-2.769546274318849237e-11
-2.766561855947113297e-11
-2.763587722237681155e-11
-2.760623484002144720e-11
-2.757668752509916139e-11
-2.754723140079055439e-11
-2.751786308781235944e-11
-2.748858118648142145e-11
-2.745938478844962314e-11
-2.743027298883706043e-11
-2.740124488071308048e-11
-2.737229956013439971e-11
-2.734343612109600947e-11
-2.731465366078852922e-11
-2.728595127400751251e-11
-2.725732805884213284e-11
-2.722878311063260665e-11
-2.720031552807653431e-11
-2.717192440796271615e-11
-2.714360884914058866e-11
-2.711536794890788474e-11
-2.708720080668480195e-11
-2.705910652014024465e-11
-2.703108418945655070e-11
-2.700313291275327311e-11
-2.697525179082610739e-11
-2.694743973305987580e-11
-2.691969489854297060e-11
-2.689201525687817041e-11
-2.686439878380896806e-11
-2.683684345426226111e-11
-2.680934724927761797e-11
-2.678190814948779574e-11
-2.675452414129704270e-11
-2.672719321058880967e-11
-2.669991334954082004e-11
-2.667268254958302590e-11
-2.664549880810006843e-11
-2.661836012249494830e-11
-2.659126449542682384e-11
-2.656420992991040535e-11
-2.653719443423130460e-11
-2.651021601726399873e-11
-2.648327269264871427e-11
-2.645636247545438669e-11
-2.642948338512798257e-11
-2.640263325163531064e-11
-2.637580914848403278e-11
-2.634900796204539666e-11
-2.632222658575224558e-11
-2.629546191693048378e-11
-2.626871086080896045e-11
-2.624197032553184855e-11
-2.621523722712136011e-11
-2.618850848527473490e-11
-2.616178102731274833e-11
-2.613505178423353971e-11
-2.610831769496785871e-11
-2.608157570180916715e-11
-2.605482275494741593e-11
-2.602805580839407544e-11
-2.600127182388056995e-11
-2.597446776696289670e-11
-2.594764061109404281e-11
-2.592078733379344764e-11
-2.589390491990071120e-11
-2.586699079579484468e-11
-2.584004414113837795e-11
-2.581306457087920438e-11
-2.578605170265499545e-11
-2.575900515250672172e-11
-2.573192453851043774e-11
-2.570480947755777887e-11
-2.567765958895613558e-11
-2.565047449065684557e-11
-2.562325380308970909e-11
-2.559599714535659130e-11
-2.556870413923313469e-11
-2.554137440499742617e-11
-2.551400756636293715e-11
-2.548660324510277041e-11
-2.545916106640461091e-11
-2.543168065345072823e-11
-2.540416163378326062e-11
-2.537660363235928415e-11
-2.534900627857738562e-11
-2.532136909483441041e-11
-2.529369118915593896e-11
-2.526597156454352155e-11
-2.523820922879554824e-11
-2.521040319014198733e-11
-2.518255246107031219e-11
-2.515465605539430601e-11
-2.512671299079312818e-11
-2.509872228618078628e-11
-2.507068296461248040e-11
-2.504259404991416844e-11
-2.501445457122404301e-11
-2.498626355737621734e-11
-2.495802004295343208e-11
-2.492972306274052485e-11
-2.490137165678257516e-11
-2.487296486515956566e-11
-2.484450173381285494e-11
-2.481598130875406029e-11
-2.478740264126003943e-11
-2.475876497715500811e-11
-2.473006834085566748e-11
-2.470131294896212055e-11
-2.467249902079708680e-11
-2.464362677401954120e-11
-2.461469642835770592e-11
-2.458570820259924708e-11
-2.455666231763316039e-11
-2.452755899289345021e-11
-2.449839845026900557e-11
-2.446918091035938650e-11
-2.443990659616542925e-11
-2.441057572930851717e-11
-2.438118853453941618e-11
-2.435174523424567597e-11
-2.432224605406460622e-11
-2.429269121734816843e-11
-2.426308095137159974e-11
-2.423341548091871454e-11
-2.420369503358400290e-11
-2.417391996156821298e-11
-2.414409112499347203e-11
-2.411420950657058460e-11
-2.408427609084131632e-11
-2.405429185836303949e-11
-2.402425779152866604e-11
-2.399417486915948098e-11
-2.396404407132520456e-11
-2.393386637477048162e-11
-2.390364275728973967e-11
-2.387337419354256940e-11
-2.384306165897650921e-11
-2.381270612593600051e-11
-2.378230856726294014e-11
-2.375186995290097796e-11
-2.372139125378847436e-11
-2.369087343735683149e-11
-2.366031747167222862e-11
-2.362972432280253501e-11
-2.359909495498285906e-11
-2.356843033265299764e-11
-2.353773141707118154e-11
-2.350699916996518287e-11
-2.347623455037145764e-11
-2.344543851542183968e-11
-2.341461202242064939e-11
-2.338375602572886915e-11
-2.335287147916145809e-11
-2.332195933383554519e-11
-2.329102054009289068e-11
-2.326005604451183505e-11
-2.322906679519310913e-11
-2.319805373598132490e-11
-2.316701781123744240e-11
-2.313595996233300714e-11
-2.310488112826437038e-11
-2.307378224779152949e-11
-2.304266425659457173e-11
-2.301152808847978766e-11
